##TITLE= Parameter file, TopSpin 4.1.1
##JCAMPDX= 5.0
##DATATYPE= Parameter Values
##ORIGIN= Bruker BioSpin GmbH
##OWNER= p_keil01
$$ 2021-03-12 12:46:36.354 +0100  p_keil01@neo500
$$ /opt/topspin4.1.1/exp/stan/nmr/lists/wave/user/wurst.jk
$$ process /opt/topspin4.1.1/prog/mod/xwinshape
##MINX= 0.00000000
##MAXX= 100.00000000
##MINY= 0.00379700
##MAXY= 359.36479700
##$SHAPE_ADDPHASE= 0
##$SHAPE_AMP= 100
##$SHAPE_BWFAC= 106.63
##$SHAPE_BWFAC50= 0
##$SHAPE_CALCBW= yes
##$SHAPE_CALCINTEG= yes
##$SHAPE_EXMODE= <Adiabatic>
##$SHAPE_EXPAND= <>
##$SHAPE_EXPANDCF= (0..143)
0 0 0 0 0 0 0 0 0 0 0 0 0 0 0 0 0 0 0 0 0 0 0 0 0 0 0 0 0 0 0 0 0 0 0 0
0 0 0 0 0 0 0 0 0 0 0 0 0 0 0 0 0 0 0 0 0 0 0 0 0 0 0 0 0 0 0 0 0 0 0 0
0 0 0 0 0 0 0 0 0 0 0 0 0 0 0 0 0 0 0 0 0 0 0 0 0 0 0 0 0 0 0 0 0 0 0 0
0 0 0 0 0 0 0 0 0 0 0 0 0 0 0 0 0 0 0 0 0 0 0 0 0 0 0 0 0 0 0 0 0 0 0 0
##$SHAPE_EXPFAC= 0
##$SHAPE_FRACEND= 0
##$SHAPE_FRACORG= 0
##$SHAPE_FRACSTART= 0
##$SHAPE_INTEGFAC= 0.038137134702657
##$SHAPE_KEEPRES= yes
##$SHAPE_LENGTH= 80
##$SHAPE_MAN= <>
##$SHAPE_MODE= 0
##$SHAPE_MODFREQ= 0
##$SHAPE_MODPHASE= 0
##$SHAPE_MODSCALE= 0
##$SHAPE_MODSW= 0
##$SHAPE_MODSWDIR= -1
##$SHAPE_NPOINTS= 1600
##$SHAPE_OFFS= <>
##$SHAPE_OFFSCOEFF= (0..95)
0 0 0 0 0 0 0 0 0 0 0 0 0 0 0 0 0 0 0 0 0 0 0 0 0 0 0 0 0 0 0 0 0 0 0 0
0 0 0 0 0 0 0 0 0 0 0 0 0 0 0 0 0 0 0 0 0 0 0 0 0 0 0 0 0 0 0 0 0 0 0 0
0 0 0 0 0 0 0 0 0 0 0 0 0 0 0 0 0 0 0 0 0 0 0 0
##$SHAPE_PARAMETER= <>
##$SHAPE_REPHFAC= 0
##$SHAPE_RES= 0
##$SHAPE_SCALEFAC= 1
##$SHAPE_SCALETYPE= 0
##$SHAPE_SPOAL= 0
##$SHAPE_SPOFFS= 0
##$SHAPE_SPOPH= 0
##$SHAPE_TOTROT= 180
##$SHAPE_TYPE= <Inversion>
##$SHAPE_USER_DEF= 0
##$SHAPE_VERSION= 2.1
##$SHL_ADDPHASE= (0..15)
0 0 0 0 0 0 0 0 0 0 0 0 0 0 0 0
##$SHL_ALIGNOFFSET= (0..15)
0 0 0 0 0 0 0 0 0 0 0 0 0 0 0 0
##$SHL_AMP= (0..15)
100 0 0 0 0 0 0 0 0 0 0 0 0 0 0 0
##$SHL_AMPFAC= (0..15)
0 0 0 0 0 0 0 0 0 0 0 0 0 0 0 0
##$SHL_BETA= (0..15)
0 0 0 0 0 0 0 0 0 0 0 0 0 0 0 0
##$SHL_BWFAC= (0..15)
106.63 0 0 0 0 0 0 0 0 0 0 0 0 0 0 0
##$SHL_CALCBW= (0..15)
yes yes yes yes yes yes yes yes yes yes yes yes yes yes yes yes
##$SHL_CALCINTEG= (0..15)
yes yes yes yes yes yes yes yes yes yes yes yes yes yes yes yes
##$SHL_CENTERAMP= (0..15)
0 0 0 0 0 0 0 0 0 0 0 0 0 0 0 0
##$SHL_CYCNUM= (0..15)
0 0 0 0 0 0 0 0 0 0 0 0 0 0 0 0
##$SHL_DIPOLCPL= (0..15)
0 0 0 0 0 0 0 0 0 0 0 0 0 0 0 0
##$SHL_ENDAMP= (0..15)
0 0 0 0 0 0 0 0 0 0 0 0 0 0 0 0
##$SHL_EXMODE= (0..15)
<Adiabatic> <> <> <> <> <> <> <> <> <> <> <> <> <> <> <>
##$SHL_EXPAND= (0..15)
<> <> <> <> <> <> <> <> <> <> <> <> <> <> <> <>
##$SHL_EXPANDCF0= (0..143)
0 0 0 0 0 0 0 0 0 0 0 0 0 0 0 0 0 0 0 0 0 0 0 0 0 0 0 0 0 0 0 0 0 0 0 0
0 0 0 0 0 0 0 0 0 0 0 0 0 0 0 0 0 0 0 0 0 0 0 0 0 0 0 0 0 0 0 0 0 0 0 0
0 0 0 0 0 0 0 0 0 0 0 0 0 0 0 0 0 0 0 0 0 0 0 0 0 0 0 0 0 0 0 0 0 0 0 0
0 0 0 0 0 0 0 0 0 0 0 0 0 0 0 0 0 0 0 0 0 0 0 0 0 0 0 0 0 0 0 0 0 0 0 0
##$SHL_EXPANDCF1= (0..143)
0 0 0 0 0 0 0 0 0 0 0 0 0 0 0 0 0 0 0 0 0 0 0 0 0 0 0 0 0 0 0 0 0 0 0 0
0 0 0 0 0 0 0 0 0 0 0 0 0 0 0 0 0 0 0 0 0 0 0 0 0 0 0 0 0 0 0 0 0 0 0 0
0 0 0 0 0 0 0 0 0 0 0 0 0 0 0 0 0 0 0 0 0 0 0 0 0 0 0 0 0 0 0 0 0 0 0 0
0 0 0 0 0 0 0 0 0 0 0 0 0 0 0 0 0 0 0 0 0 0 0 0 0 0 0 0 0 0 0 0 0 0 0 0
##$SHL_EXPANDCF10= (0..143)
0 0 0 0 0 0 0 0 0 0 0 0 0 0 0 0 0 0 0 0 0 0 0 0 0 0 0 0 0 0 0 0 0 0 0 0
0 0 0 0 0 0 0 0 0 0 0 0 0 0 0 0 0 0 0 0 0 0 0 0 0 0 0 0 0 0 0 0 0 0 0 0
0 0 0 0 0 0 0 0 0 0 0 0 0 0 0 0 0 0 0 0 0 0 0 0 0 0 0 0 0 0 0 0 0 0 0 0
0 0 0 0 0 0 0 0 0 0 0 0 0 0 0 0 0 0 0 0 0 0 0 0 0 0 0 0 0 0 0 0 0 0 0 0
##$SHL_EXPANDCF11= (0..143)
0 0 0 0 0 0 0 0 0 0 0 0 0 0 0 0 0 0 0 0 0 0 0 0 0 0 0 0 0 0 0 0 0 0 0 0
0 0 0 0 0 0 0 0 0 0 0 0 0 0 0 0 0 0 0 0 0 0 0 0 0 0 0 0 0 0 0 0 0 0 0 0
0 0 0 0 0 0 0 0 0 0 0 0 0 0 0 0 0 0 0 0 0 0 0 0 0 0 0 0 0 0 0 0 0 0 0 0
0 0 0 0 0 0 0 0 0 0 0 0 0 0 0 0 0 0 0 0 0 0 0 0 0 0 0 0 0 0 0 0 0 0 0 0
##$SHL_EXPANDCF12= (0..143)
0 0 0 0 0 0 0 0 0 0 0 0 0 0 0 0 0 0 0 0 0 0 0 0 0 0 0 0 0 0 0 0 0 0 0 0
0 0 0 0 0 0 0 0 0 0 0 0 0 0 0 0 0 0 0 0 0 0 0 0 0 0 0 0 0 0 0 0 0 0 0 0
0 0 0 0 0 0 0 0 0 0 0 0 0 0 0 0 0 0 0 0 0 0 0 0 0 0 0 0 0 0 0 0 0 0 0 0
0 0 0 0 0 0 0 0 0 0 0 0 0 0 0 0 0 0 0 0 0 0 0 0 0 0 0 0 0 0 0 0 0 0 0 0
##$SHL_EXPANDCF13= (0..143)
0 0 0 0 0 0 0 0 0 0 0 0 0 0 0 0 0 0 0 0 0 0 0 0 0 0 0 0 0 0 0 0 0 0 0 0
0 0 0 0 0 0 0 0 0 0 0 0 0 0 0 0 0 0 0 0 0 0 0 0 0 0 0 0 0 0 0 0 0 0 0 0
0 0 0 0 0 0 0 0 0 0 0 0 0 0 0 0 0 0 0 0 0 0 0 0 0 0 0 0 0 0 0 0 0 0 0 0
0 0 0 0 0 0 0 0 0 0 0 0 0 0 0 0 0 0 0 0 0 0 0 0 0 0 0 0 0 0 0 0 0 0 0 0
##$SHL_EXPANDCF14= (0..143)
0 0 0 0 0 0 0 0 0 0 0 0 0 0 0 0 0 0 0 0 0 0 0 0 0 0 0 0 0 0 0 0 0 0 0 0
0 0 0 0 0 0 0 0 0 0 0 0 0 0 0 0 0 0 0 0 0 0 0 0 0 0 0 0 0 0 0 0 0 0 0 0
0 0 0 0 0 0 0 0 0 0 0 0 0 0 0 0 0 0 0 0 0 0 0 0 0 0 0 0 0 0 0 0 0 0 0 0
0 0 0 0 0 0 0 0 0 0 0 0 0 0 0 0 0 0 0 0 0 0 0 0 0 0 0 0 0 0 0 0 0 0 0 0
##$SHL_EXPANDCF15= (0..143)
0 0 0 0 0 0 0 0 0 0 0 0 0 0 0 0 0 0 0 0 0 0 0 0 0 0 0 0 0 0 0 0 0 0 0 0
0 0 0 0 0 0 0 0 0 0 0 0 0 0 0 0 0 0 0 0 0 0 0 0 0 0 0 0 0 0 0 0 0 0 0 0
0 0 0 0 0 0 0 0 0 0 0 0 0 0 0 0 0 0 0 0 0 0 0 0 0 0 0 0 0 0 0 0 0 0 0 0
0 0 0 0 0 0 0 0 0 0 0 0 0 0 0 0 0 0 0 0 0 0 0 0 0 0 0 0 0 0 0 0 0 0 0 0
##$SHL_EXPANDCF2= (0..143)
0 0 0 0 0 0 0 0 0 0 0 0 0 0 0 0 0 0 0 0 0 0 0 0 0 0 0 0 0 0 0 0 0 0 0 0
0 0 0 0 0 0 0 0 0 0 0 0 0 0 0 0 0 0 0 0 0 0 0 0 0 0 0 0 0 0 0 0 0 0 0 0
0 0 0 0 0 0 0 0 0 0 0 0 0 0 0 0 0 0 0 0 0 0 0 0 0 0 0 0 0 0 0 0 0 0 0 0
0 0 0 0 0 0 0 0 0 0 0 0 0 0 0 0 0 0 0 0 0 0 0 0 0 0 0 0 0 0 0 0 0 0 0 0
##$SHL_EXPANDCF3= (0..143)
0 0 0 0 0 0 0 0 0 0 0 0 0 0 0 0 0 0 0 0 0 0 0 0 0 0 0 0 0 0 0 0 0 0 0 0
0 0 0 0 0 0 0 0 0 0 0 0 0 0 0 0 0 0 0 0 0 0 0 0 0 0 0 0 0 0 0 0 0 0 0 0
0 0 0 0 0 0 0 0 0 0 0 0 0 0 0 0 0 0 0 0 0 0 0 0 0 0 0 0 0 0 0 0 0 0 0 0
0 0 0 0 0 0 0 0 0 0 0 0 0 0 0 0 0 0 0 0 0 0 0 0 0 0 0 0 0 0 0 0 0 0 0 0
##$SHL_EXPANDCF4= (0..143)
0 0 0 0 0 0 0 0 0 0 0 0 0 0 0 0 0 0 0 0 0 0 0 0 0 0 0 0 0 0 0 0 0 0 0 0
0 0 0 0 0 0 0 0 0 0 0 0 0 0 0 0 0 0 0 0 0 0 0 0 0 0 0 0 0 0 0 0 0 0 0 0
0 0 0 0 0 0 0 0 0 0 0 0 0 0 0 0 0 0 0 0 0 0 0 0 0 0 0 0 0 0 0 0 0 0 0 0
0 0 0 0 0 0 0 0 0 0 0 0 0 0 0 0 0 0 0 0 0 0 0 0 0 0 0 0 0 0 0 0 0 0 0 0
##$SHL_EXPANDCF5= (0..143)
0 0 0 0 0 0 0 0 0 0 0 0 0 0 0 0 0 0 0 0 0 0 0 0 0 0 0 0 0 0 0 0 0 0 0 0
0 0 0 0 0 0 0 0 0 0 0 0 0 0 0 0 0 0 0 0 0 0 0 0 0 0 0 0 0 0 0 0 0 0 0 0
0 0 0 0 0 0 0 0 0 0 0 0 0 0 0 0 0 0 0 0 0 0 0 0 0 0 0 0 0 0 0 0 0 0 0 0
0 0 0 0 0 0 0 0 0 0 0 0 0 0 0 0 0 0 0 0 0 0 0 0 0 0 0 0 0 0 0 0 0 0 0 0
##$SHL_EXPANDCF6= (0..143)
0 0 0 0 0 0 0 0 0 0 0 0 0 0 0 0 0 0 0 0 0 0 0 0 0 0 0 0 0 0 0 0 0 0 0 0
0 0 0 0 0 0 0 0 0 0 0 0 0 0 0 0 0 0 0 0 0 0 0 0 0 0 0 0 0 0 0 0 0 0 0 0
0 0 0 0 0 0 0 0 0 0 0 0 0 0 0 0 0 0 0 0 0 0 0 0 0 0 0 0 0 0 0 0 0 0 0 0
0 0 0 0 0 0 0 0 0 0 0 0 0 0 0 0 0 0 0 0 0 0 0 0 0 0 0 0 0 0 0 0 0 0 0 0
##$SHL_EXPANDCF7= (0..143)
0 0 0 0 0 0 0 0 0 0 0 0 0 0 0 0 0 0 0 0 0 0 0 0 0 0 0 0 0 0 0 0 0 0 0 0
0 0 0 0 0 0 0 0 0 0 0 0 0 0 0 0 0 0 0 0 0 0 0 0 0 0 0 0 0 0 0 0 0 0 0 0
0 0 0 0 0 0 0 0 0 0 0 0 0 0 0 0 0 0 0 0 0 0 0 0 0 0 0 0 0 0 0 0 0 0 0 0
0 0 0 0 0 0 0 0 0 0 0 0 0 0 0 0 0 0 0 0 0 0 0 0 0 0 0 0 0 0 0 0 0 0 0 0
##$SHL_EXPANDCF8= (0..143)
0 0 0 0 0 0 0 0 0 0 0 0 0 0 0 0 0 0 0 0 0 0 0 0 0 0 0 0 0 0 0 0 0 0 0 0
0 0 0 0 0 0 0 0 0 0 0 0 0 0 0 0 0 0 0 0 0 0 0 0 0 0 0 0 0 0 0 0 0 0 0 0
0 0 0 0 0 0 0 0 0 0 0 0 0 0 0 0 0 0 0 0 0 0 0 0 0 0 0 0 0 0 0 0 0 0 0 0
0 0 0 0 0 0 0 0 0 0 0 0 0 0 0 0 0 0 0 0 0 0 0 0 0 0 0 0 0 0 0 0 0 0 0 0
##$SHL_EXPANDCF9= (0..143)
0 0 0 0 0 0 0 0 0 0 0 0 0 0 0 0 0 0 0 0 0 0 0 0 0 0 0 0 0 0 0 0 0 0 0 0
0 0 0 0 0 0 0 0 0 0 0 0 0 0 0 0 0 0 0 0 0 0 0 0 0 0 0 0 0 0 0 0 0 0 0 0
0 0 0 0 0 0 0 0 0 0 0 0 0 0 0 0 0 0 0 0 0 0 0 0 0 0 0 0 0 0 0 0 0 0 0 0
0 0 0 0 0 0 0 0 0 0 0 0 0 0 0 0 0 0 0 0 0 0 0 0 0 0 0 0 0 0 0 0 0 0 0 0
##$SHL_EXPFAC= (0..15)
0 0 0 0 0 0 0 0 0 0 0 0 0 0 0 0
##$SHL_FRACEND= (0..15)
0 0 0 0 0 0 0 0 0 0 0 0 0 0 0 0
##$SHL_FRACORG= (0..15)
0 0 0 0 0 0 0 0 0 0 0 0 0 0 0 0
##$SHL_FRACSTART= (0..15)
0 0 0 0 0 0 0 0 0 0 0 0 0 0 0 0
##$SHL_FULLHALF= (0..15)
0 0 0 0 0 0 0 0 0 0 0 0 0 0 0 0
##$SHL_FUNCAMP= (0..15)
0 0 0 0 0 0 0 0 0 0 0 0 0 0 0 0
##$SHL_FUNCTION= (0..15)
<Wurst> <> <> <> <> <> <> <> <> <> <> <> <> <> <> <>
##$SHL_GCO= (0..15)
<> <> <> <> <> <> <> <> <> <> <> <> <> <> <> <>
##$SHL_GCOCOEFFS0= (0..59)
0 0 0 0 0 0 0 0 0 0 0 0 0 0 0 0 0 0 0 0 0 0 0 0 0 0 0 0 0 0 0 0 0 0 0 0
0 0 0 0 0 0 0 0 0 0 0 0 0 0 0 0 0 0 0 0 0 0 0 0
##$SHL_GCOCOEFFS1= (0..59)
0 0 0 0 0 0 0 0 0 0 0 0 0 0 0 0 0 0 0 0 0 0 0 0 0 0 0 0 0 0 0 0 0 0 0 0
0 0 0 0 0 0 0 0 0 0 0 0 0 0 0 0 0 0 0 0 0 0 0 0
##$SHL_GCOCOEFFS10= (0..59)
0 0 0 0 0 0 0 0 0 0 0 0 0 0 0 0 0 0 0 0 0 0 0 0 0 0 0 0 0 0 0 0 0 0 0 0
0 0 0 0 0 0 0 0 0 0 0 0 0 0 0 0 0 0 0 0 0 0 0 0
##$SHL_GCOCOEFFS11= (0..59)
0 0 0 0 0 0 0 0 0 0 0 0 0 0 0 0 0 0 0 0 0 0 0 0 0 0 0 0 0 0 0 0 0 0 0 0
0 0 0 0 0 0 0 0 0 0 0 0 0 0 0 0 0 0 0 0 0 0 0 0
##$SHL_GCOCOEFFS12= (0..59)
0 0 0 0 0 0 0 0 0 0 0 0 0 0 0 0 0 0 0 0 0 0 0 0 0 0 0 0 0 0 0 0 0 0 0 0
0 0 0 0 0 0 0 0 0 0 0 0 0 0 0 0 0 0 0 0 0 0 0 0
##$SHL_GCOCOEFFS13= (0..59)
0 0 0 0 0 0 0 0 0 0 0 0 0 0 0 0 0 0 0 0 0 0 0 0 0 0 0 0 0 0 0 0 0 0 0 0
0 0 0 0 0 0 0 0 0 0 0 0 0 0 0 0 0 0 0 0 0 0 0 0
##$SHL_GCOCOEFFS14= (0..59)
0 0 0 0 0 0 0 0 0 0 0 0 0 0 0 0 0 0 0 0 0 0 0 0 0 0 0 0 0 0 0 0 0 0 0 0
0 0 0 0 0 0 0 0 0 0 0 0 0 0 0 0 0 0 0 0 0 0 0 0
##$SHL_GCOCOEFFS15= (0..59)
0 0 0 0 0 0 0 0 0 0 0 0 0 0 0 0 0 0 0 0 0 0 0 0 0 0 0 0 0 0 0 0 0 0 0 0
0 0 0 0 0 0 0 0 0 0 0 0 0 0 0 0 0 0 0 0 0 0 0 0
##$SHL_GCOCOEFFS2= (0..59)
0 0 0 0 0 0 0 0 0 0 0 0 0 0 0 0 0 0 0 0 0 0 0 0 0 0 0 0 0 0 0 0 0 0 0 0
0 0 0 0 0 0 0 0 0 0 0 0 0 0 0 0 0 0 0 0 0 0 0 0
##$SHL_GCOCOEFFS3= (0..59)
0 0 0 0 0 0 0 0 0 0 0 0 0 0 0 0 0 0 0 0 0 0 0 0 0 0 0 0 0 0 0 0 0 0 0 0
0 0 0 0 0 0 0 0 0 0 0 0 0 0 0 0 0 0 0 0 0 0 0 0
##$SHL_GCOCOEFFS4= (0..59)
0 0 0 0 0 0 0 0 0 0 0 0 0 0 0 0 0 0 0 0 0 0 0 0 0 0 0 0 0 0 0 0 0 0 0 0
0 0 0 0 0 0 0 0 0 0 0 0 0 0 0 0 0 0 0 0 0 0 0 0
##$SHL_GCOCOEFFS5= (0..59)
0 0 0 0 0 0 0 0 0 0 0 0 0 0 0 0 0 0 0 0 0 0 0 0 0 0 0 0 0 0 0 0 0 0 0 0
0 0 0 0 0 0 0 0 0 0 0 0 0 0 0 0 0 0 0 0 0 0 0 0
##$SHL_GCOCOEFFS6= (0..59)
0 0 0 0 0 0 0 0 0 0 0 0 0 0 0 0 0 0 0 0 0 0 0 0 0 0 0 0 0 0 0 0 0 0 0 0
0 0 0 0 0 0 0 0 0 0 0 0 0 0 0 0 0 0 0 0 0 0 0 0
##$SHL_GCOCOEFFS7= (0..59)
0 0 0 0 0 0 0 0 0 0 0 0 0 0 0 0 0 0 0 0 0 0 0 0 0 0 0 0 0 0 0 0 0 0 0 0
0 0 0 0 0 0 0 0 0 0 0 0 0 0 0 0 0 0 0 0 0 0 0 0
##$SHL_GCOCOEFFS8= (0..59)
0 0 0 0 0 0 0 0 0 0 0 0 0 0 0 0 0 0 0 0 0 0 0 0 0 0 0 0 0 0 0 0 0 0 0 0
0 0 0 0 0 0 0 0 0 0 0 0 0 0 0 0 0 0 0 0 0 0 0 0
##$SHL_GCOCOEFFS9= (0..59)
0 0 0 0 0 0 0 0 0 0 0 0 0 0 0 0 0 0 0 0 0 0 0 0 0 0 0 0 0 0 0 0 0 0 0 0
0 0 0 0 0 0 0 0 0 0 0 0 0 0 0 0 0 0 0 0 0 0 0 0
##$SHL_INTEGFAC= (0..15)
0.038137134702657 0 0 0 0 0 0 0 0 0 0 0 0 0 0 0
##$SHL_LB= (0..15)
0 0 0 0 0 0 0 0 0 0 0 0 0 0 0 0
##$SHL_LEFTLIMIT= (0..15)
0 0 0 0 0 0 0 0 0 0 0 0 0 0 0 0
##$SHL_LENGTH= (0..15)
80 0 0 0 0 0 0 0 0 0 0 0 0 0 0 0
##$SHL_MAN= (0..15)
<> <> <> <> <> <> <> <> <> <> <> <> <> <> <> <>
##$SHL_MEANAMP= (0..15)
0 0 0 0 0 0 0 0 0 0 0 0 0 0 0 0
##$SHL_MODAMP= (0..15)
0 0 0 0 0 0 0 0 0 0 0 0 0 0 0 0
##$SHL_MODE= (0..15)
0 0 0 0 0 0 0 0 0 0 0 0 0 0 0 0
##$SHL_MODFREQ= (0..15)
0 0 0 0 0 0 0 0 0 0 0 0 0 0 0 0
##$SHL_MODPHASE= (0..15)
0 0 0 0 0 0 0 0 0 0 0 0 0 0 0 0
##$SHL_MODSCALE= (0..15)
0 0 0 0 0 0 0 0 0 0 0 0 0 0 0 0
##$SHL_MODSW= (0..15)
0 0 0 0 0 0 0 0 0 0 0 0 0 0 0 0
##$SHL_MODSWDIR= (0..15)
-1 -1 -1 -1 -1 -1 -1 -1 -1 -1 -1 -1 -1 -1 -1 -1
##$SHL_MU= (0..15)
0 0 0 0 0 0 0 0 0 0 0 0 0 0 0 0
##$SHL_NPOINTS= (0..15)
1600 0 0 0 0 0 0 0 0 0 0 0 0 0 0 0
##$SHL_OFFS= (0..15)
<> <> <> <> <> <> <> <> <> <> <> <> <> <> <> <>
##$SHL_OFFSCOEFF0= (0..95)
0 0 0 0 0 0 0 0 0 0 0 0 0 0 0 0 0 0 0 0 0 0 0 0 0 0 0 0 0 0 0 0 0 0 0 0
0 0 0 0 0 0 0 0 0 0 0 0 0 0 0 0 0 0 0 0 0 0 0 0 0 0 0 0 0 0 0 0 0 0 0 0
0 0 0 0 0 0 0 0 0 0 0 0 0 0 0 0 0 0 0 0 0 0 0 0
##$SHL_OFFSCOEFF1= (0..95)
0 0 0 0 0 0 0 0 0 0 0 0 0 0 0 0 0 0 0 0 0 0 0 0 0 0 0 0 0 0 0 0 0 0 0 0
0 0 0 0 0 0 0 0 0 0 0 0 0 0 0 0 0 0 0 0 0 0 0 0 0 0 0 0 0 0 0 0 0 0 0 0
0 0 0 0 0 0 0 0 0 0 0 0 0 0 0 0 0 0 0 0 0 0 0 0
##$SHL_OFFSCOEFF10= (0..95)
0 0 0 0 0 0 0 0 0 0 0 0 0 0 0 0 0 0 0 0 0 0 0 0 0 0 0 0 0 0 0 0 0 0 0 0
0 0 0 0 0 0 0 0 0 0 0 0 0 0 0 0 0 0 0 0 0 0 0 0 0 0 0 0 0 0 0 0 0 0 0 0
0 0 0 0 0 0 0 0 0 0 0 0 0 0 0 0 0 0 0 0 0 0 0 0
##$SHL_OFFSCOEFF11= (0..95)
0 0 0 0 0 0 0 0 0 0 0 0 0 0 0 0 0 0 0 0 0 0 0 0 0 0 0 0 0 0 0 0 0 0 0 0
0 0 0 0 0 0 0 0 0 0 0 0 0 0 0 0 0 0 0 0 0 0 0 0 0 0 0 0 0 0 0 0 0 0 0 0
0 0 0 0 0 0 0 0 0 0 0 0 0 0 0 0 0 0 0 0 0 0 0 0
##$SHL_OFFSCOEFF12= (0..95)
0 0 0 0 0 0 0 0 0 0 0 0 0 0 0 0 0 0 0 0 0 0 0 0 0 0 0 0 0 0 0 0 0 0 0 0
0 0 0 0 0 0 0 0 0 0 0 0 0 0 0 0 0 0 0 0 0 0 0 0 0 0 0 0 0 0 0 0 0 0 0 0
0 0 0 0 0 0 0 0 0 0 0 0 0 0 0 0 0 0 0 0 0 0 0 0
##$SHL_OFFSCOEFF13= (0..95)
0 0 0 0 0 0 0 0 0 0 0 0 0 0 0 0 0 0 0 0 0 0 0 0 0 0 0 0 0 0 0 0 0 0 0 0
0 0 0 0 0 0 0 0 0 0 0 0 0 0 0 0 0 0 0 0 0 0 0 0 0 0 0 0 0 0 0 0 0 0 0 0
0 0 0 0 0 0 0 0 0 0 0 0 0 0 0 0 0 0 0 0 0 0 0 0
##$SHL_OFFSCOEFF14= (0..95)
0 0 0 0 0 0 0 0 0 0 0 0 0 0 0 0 0 0 0 0 0 0 0 0 0 0 0 0 0 0 0 0 0 0 0 0
0 0 0 0 0 0 0 0 0 0 0 0 0 0 0 0 0 0 0 0 0 0 0 0 0 0 0 0 0 0 0 0 0 0 0 0
0 0 0 0 0 0 0 0 0 0 0 0 0 0 0 0 0 0 0 0 0 0 0 0
##$SHL_OFFSCOEFF15= (0..95)
0 0 0 0 0 0 0 0 0 0 0 0 0 0 0 0 0 0 0 0 0 0 0 0 0 0 0 0 0 0 0 0 0 0 0 0
0 0 0 0 0 0 0 0 0 0 0 0 0 0 0 0 0 0 0 0 0 0 0 0 0 0 0 0 0 0 0 0 0 0 0 0
0 0 0 0 0 0 0 0 0 0 0 0 0 0 0 0 0 0 0 0 0 0 0 0
##$SHL_OFFSCOEFF2= (0..95)
0 0 0 0 0 0 0 0 0 0 0 0 0 0 0 0 0 0 0 0 0 0 0 0 0 0 0 0 0 0 0 0 0 0 0 0
0 0 0 0 0 0 0 0 0 0 0 0 0 0 0 0 0 0 0 0 0 0 0 0 0 0 0 0 0 0 0 0 0 0 0 0
0 0 0 0 0 0 0 0 0 0 0 0 0 0 0 0 0 0 0 0 0 0 0 0
##$SHL_OFFSCOEFF3= (0..95)
0 0 0 0 0 0 0 0 0 0 0 0 0 0 0 0 0 0 0 0 0 0 0 0 0 0 0 0 0 0 0 0 0 0 0 0
0 0 0 0 0 0 0 0 0 0 0 0 0 0 0 0 0 0 0 0 0 0 0 0 0 0 0 0 0 0 0 0 0 0 0 0
0 0 0 0 0 0 0 0 0 0 0 0 0 0 0 0 0 0 0 0 0 0 0 0
##$SHL_OFFSCOEFF4= (0..95)
0 0 0 0 0 0 0 0 0 0 0 0 0 0 0 0 0 0 0 0 0 0 0 0 0 0 0 0 0 0 0 0 0 0 0 0
0 0 0 0 0 0 0 0 0 0 0 0 0 0 0 0 0 0 0 0 0 0 0 0 0 0 0 0 0 0 0 0 0 0 0 0
0 0 0 0 0 0 0 0 0 0 0 0 0 0 0 0 0 0 0 0 0 0 0 0
##$SHL_OFFSCOEFF5= (0..95)
0 0 0 0 0 0 0 0 0 0 0 0 0 0 0 0 0 0 0 0 0 0 0 0 0 0 0 0 0 0 0 0 0 0 0 0
0 0 0 0 0 0 0 0 0 0 0 0 0 0 0 0 0 0 0 0 0 0 0 0 0 0 0 0 0 0 0 0 0 0 0 0
0 0 0 0 0 0 0 0 0 0 0 0 0 0 0 0 0 0 0 0 0 0 0 0
##$SHL_OFFSCOEFF6= (0..95)
0 0 0 0 0 0 0 0 0 0 0 0 0 0 0 0 0 0 0 0 0 0 0 0 0 0 0 0 0 0 0 0 0 0 0 0
0 0 0 0 0 0 0 0 0 0 0 0 0 0 0 0 0 0 0 0 0 0 0 0 0 0 0 0 0 0 0 0 0 0 0 0
0 0 0 0 0 0 0 0 0 0 0 0 0 0 0 0 0 0 0 0 0 0 0 0
##$SHL_OFFSCOEFF7= (0..95)
0 0 0 0 0 0 0 0 0 0 0 0 0 0 0 0 0 0 0 0 0 0 0 0 0 0 0 0 0 0 0 0 0 0 0 0
0 0 0 0 0 0 0 0 0 0 0 0 0 0 0 0 0 0 0 0 0 0 0 0 0 0 0 0 0 0 0 0 0 0 0 0
0 0 0 0 0 0 0 0 0 0 0 0 0 0 0 0 0 0 0 0 0 0 0 0
##$SHL_OFFSCOEFF8= (0..95)
0 0 0 0 0 0 0 0 0 0 0 0 0 0 0 0 0 0 0 0 0 0 0 0 0 0 0 0 0 0 0 0 0 0 0 0
0 0 0 0 0 0 0 0 0 0 0 0 0 0 0 0 0 0 0 0 0 0 0 0 0 0 0 0 0 0 0 0 0 0 0 0
0 0 0 0 0 0 0 0 0 0 0 0 0 0 0 0 0 0 0 0 0 0 0 0
##$SHL_OFFSCOEFF9= (0..95)
0 0 0 0 0 0 0 0 0 0 0 0 0 0 0 0 0 0 0 0 0 0 0 0 0 0 0 0 0 0 0 0 0 0 0 0
0 0 0 0 0 0 0 0 0 0 0 0 0 0 0 0 0 0 0 0 0 0 0 0 0 0 0 0 0 0 0 0 0 0 0 0
0 0 0 0 0 0 0 0 0 0 0 0 0 0 0 0 0 0 0 0 0 0 0 0
##$SHL_PHASE= (0..15)
0 0 0 0 0 0 0 0 0 0 0 0 0 0 0 0
##$SHL_PHASEFAC= (0..15)
0 0 0 0 0 0 0 0 0 0 0 0 0 0 0 0
##$SHL_POWERINDEX= (0..15)
2 0 0 0 0 0 0 0 0 0 0 0 0 0 0 0
##$SHL_QUADCOEFF= (0..15)
0 0 0 0 0 0 0 0 0 0 0 0 0 0 0 0
##$SHL_RIGHTLIMIT= (0..15)
0 0 0 0 0 0 0 0 0 0 0 0 0 0 0 0
##$SHL_SCALEFACTOR= (0..15)
1 1 1 1 1 1 1 1 1 1 1 1 1 1 1 1
##$SHL_SF= (0..15)
<> <> <> <> <> <> <> <> <> <> <> <> <> <> <> <>
##$SHL_SFCOEFFS0= (0..200)
0 0 0 0 0 0 0 0 0 0 0 0 0 0 0 0 0 0 0 0 0 0 0 0 0 0 0 0 0 0 0 0 0 0 0 0
0 0 0 0 0 0 0 0 0 0 0 0 0 0 0 0 0 0 0 0 0 0 0 0 0 0 0 0 0 0 0 0 0 0 0 0
0 0 0 0 0 0 0 0 0 0 0 0 0 0 0 0 0 0 0 0 0 0 0 0 0 0 0 0 0 0 0 0 0 0 0 0
0 0 0 0 0 0 0 0 0 0 0 0 0 0 0 0 0 0 0 0 0 0 0 0 0 0 0 0 0 0 0 0 0 0 0 0
0 0 0 0 0 0 0 0 0 0 0 0 0 0 0 0 0 0 0 0 0 0 0 0 0 0 0 0 0 0 0 0 0 0 0 0
0 0 0 0 0 0 0 0 0 0 0 0 0 0 0 0 0 0 0 0 0
##$SHL_SFCOEFFS1= (0..200)
0 0 0 0 0 0 0 0 0 0 0 0 0 0 0 0 0 0 0 0 0 0 0 0 0 0 0 0 0 0 0 0 0 0 0 0
0 0 0 0 0 0 0 0 0 0 0 0 0 0 0 0 0 0 0 0 0 0 0 0 0 0 0 0 0 0 0 0 0 0 0 0
0 0 0 0 0 0 0 0 0 0 0 0 0 0 0 0 0 0 0 0 0 0 0 0 0 0 0 0 0 0 0 0 0 0 0 0
0 0 0 0 0 0 0 0 0 0 0 0 0 0 0 0 0 0 0 0 0 0 0 0 0 0 0 0 0 0 0 0 0 0 0 0
0 0 0 0 0 0 0 0 0 0 0 0 0 0 0 0 0 0 0 0 0 0 0 0 0 0 0 0 0 0 0 0 0 0 0 0
0 0 0 0 0 0 0 0 0 0 0 0 0 0 0 0 0 0 0 0 0
##$SHL_SFCOEFFS10= (0..200)
0 0 0 0 0 0 0 0 0 0 0 0 0 0 0 0 0 0 0 0 0 0 0 0 0 0 0 0 0 0 0 0 0 0 0 0
0 0 0 0 0 0 0 0 0 0 0 0 0 0 0 0 0 0 0 0 0 0 0 0 0 0 0 0 0 0 0 0 0 0 0 0
0 0 0 0 0 0 0 0 0 0 0 0 0 0 0 0 0 0 0 0 0 0 0 0 0 0 0 0 0 0 0 0 0 0 0 0
0 0 0 0 0 0 0 0 0 0 0 0 0 0 0 0 0 0 0 0 0 0 0 0 0 0 0 0 0 0 0 0 0 0 0 0
0 0 0 0 0 0 0 0 0 0 0 0 0 0 0 0 0 0 0 0 0 0 0 0 0 0 0 0 0 0 0 0 0 0 0 0
0 0 0 0 0 0 0 0 0 0 0 0 0 0 0 0 0 0 0 0 0
##$SHL_SFCOEFFS11= (0..200)
0 0 0 0 0 0 0 0 0 0 0 0 0 0 0 0 0 0 0 0 0 0 0 0 0 0 0 0 0 0 0 0 0 0 0 0
0 0 0 0 0 0 0 0 0 0 0 0 0 0 0 0 0 0 0 0 0 0 0 0 0 0 0 0 0 0 0 0 0 0 0 0
0 0 0 0 0 0 0 0 0 0 0 0 0 0 0 0 0 0 0 0 0 0 0 0 0 0 0 0 0 0 0 0 0 0 0 0
0 0 0 0 0 0 0 0 0 0 0 0 0 0 0 0 0 0 0 0 0 0 0 0 0 0 0 0 0 0 0 0 0 0 0 0
0 0 0 0 0 0 0 0 0 0 0 0 0 0 0 0 0 0 0 0 0 0 0 0 0 0 0 0 0 0 0 0 0 0 0 0
0 0 0 0 0 0 0 0 0 0 0 0 0 0 0 0 0 0 0 0 0
##$SHL_SFCOEFFS12= (0..200)
0 0 0 0 0 0 0 0 0 0 0 0 0 0 0 0 0 0 0 0 0 0 0 0 0 0 0 0 0 0 0 0 0 0 0 0
0 0 0 0 0 0 0 0 0 0 0 0 0 0 0 0 0 0 0 0 0 0 0 0 0 0 0 0 0 0 0 0 0 0 0 0
0 0 0 0 0 0 0 0 0 0 0 0 0 0 0 0 0 0 0 0 0 0 0 0 0 0 0 0 0 0 0 0 0 0 0 0
0 0 0 0 0 0 0 0 0 0 0 0 0 0 0 0 0 0 0 0 0 0 0 0 0 0 0 0 0 0 0 0 0 0 0 0
0 0 0 0 0 0 0 0 0 0 0 0 0 0 0 0 0 0 0 0 0 0 0 0 0 0 0 0 0 0 0 0 0 0 0 0
0 0 0 0 0 0 0 0 0 0 0 0 0 0 0 0 0 0 0 0 0
##$SHL_SFCOEFFS13= (0..200)
0 0 0 0 0 0 0 0 0 0 0 0 0 0 0 0 0 0 0 0 0 0 0 0 0 0 0 0 0 0 0 0 0 0 0 0
0 0 0 0 0 0 0 0 0 0 0 0 0 0 0 0 0 0 0 0 0 0 0 0 0 0 0 0 0 0 0 0 0 0 0 0
0 0 0 0 0 0 0 0 0 0 0 0 0 0 0 0 0 0 0 0 0 0 0 0 0 0 0 0 0 0 0 0 0 0 0 0
0 0 0 0 0 0 0 0 0 0 0 0 0 0 0 0 0 0 0 0 0 0 0 0 0 0 0 0 0 0 0 0 0 0 0 0
0 0 0 0 0 0 0 0 0 0 0 0 0 0 0 0 0 0 0 0 0 0 0 0 0 0 0 0 0 0 0 0 0 0 0 0
0 0 0 0 0 0 0 0 0 0 0 0 0 0 0 0 0 0 0 0 0
##$SHL_SFCOEFFS14= (0..200)
0 0 0 0 0 0 0 0 0 0 0 0 0 0 0 0 0 0 0 0 0 0 0 0 0 0 0 0 0 0 0 0 0 0 0 0
0 0 0 0 0 0 0 0 0 0 0 0 0 0 0 0 0 0 0 0 0 0 0 0 0 0 0 0 0 0 0 0 0 0 0 0
0 0 0 0 0 0 0 0 0 0 0 0 0 0 0 0 0 0 0 0 0 0 0 0 0 0 0 0 0 0 0 0 0 0 0 0
0 0 0 0 0 0 0 0 0 0 0 0 0 0 0 0 0 0 0 0 0 0 0 0 0 0 0 0 0 0 0 0 0 0 0 0
0 0 0 0 0 0 0 0 0 0 0 0 0 0 0 0 0 0 0 0 0 0 0 0 0 0 0 0 0 0 0 0 0 0 0 0
0 0 0 0 0 0 0 0 0 0 0 0 0 0 0 0 0 0 0 0 0
##$SHL_SFCOEFFS15= (0..200)
0 0 0 0 0 0 0 0 0 0 0 0 0 0 0 0 0 0 0 0 0 0 0 0 0 0 0 0 0 0 0 0 0 0 0 0
0 0 0 0 0 0 0 0 0 0 0 0 0 0 0 0 0 0 0 0 0 0 0 0 0 0 0 0 0 0 0 0 0 0 0 0
0 0 0 0 0 0 0 0 0 0 0 0 0 0 0 0 0 0 0 0 0 0 0 0 0 0 0 0 0 0 0 0 0 0 0 0
0 0 0 0 0 0 0 0 0 0 0 0 0 0 0 0 0 0 0 0 0 0 0 0 0 0 0 0 0 0 0 0 0 0 0 0
0 0 0 0 0 0 0 0 0 0 0 0 0 0 0 0 0 0 0 0 0 0 0 0 0 0 0 0 0 0 0 0 0 0 0 0
0 0 0 0 0 0 0 0 0 0 0 0 0 0 0 0 0 0 0 0 0
##$SHL_SFCOEFFS2= (0..200)
0 0 0 0 0 0 0 0 0 0 0 0 0 0 0 0 0 0 0 0 0 0 0 0 0 0 0 0 0 0 0 0 0 0 0 0
0 0 0 0 0 0 0 0 0 0 0 0 0 0 0 0 0 0 0 0 0 0 0 0 0 0 0 0 0 0 0 0 0 0 0 0
0 0 0 0 0 0 0 0 0 0 0 0 0 0 0 0 0 0 0 0 0 0 0 0 0 0 0 0 0 0 0 0 0 0 0 0
0 0 0 0 0 0 0 0 0 0 0 0 0 0 0 0 0 0 0 0 0 0 0 0 0 0 0 0 0 0 0 0 0 0 0 0
0 0 0 0 0 0 0 0 0 0 0 0 0 0 0 0 0 0 0 0 0 0 0 0 0 0 0 0 0 0 0 0 0 0 0 0
0 0 0 0 0 0 0 0 0 0 0 0 0 0 0 0 0 0 0 0 0
##$SHL_SFCOEFFS3= (0..200)
0 0 0 0 0 0 0 0 0 0 0 0 0 0 0 0 0 0 0 0 0 0 0 0 0 0 0 0 0 0 0 0 0 0 0 0
0 0 0 0 0 0 0 0 0 0 0 0 0 0 0 0 0 0 0 0 0 0 0 0 0 0 0 0 0 0 0 0 0 0 0 0
0 0 0 0 0 0 0 0 0 0 0 0 0 0 0 0 0 0 0 0 0 0 0 0 0 0 0 0 0 0 0 0 0 0 0 0
0 0 0 0 0 0 0 0 0 0 0 0 0 0 0 0 0 0 0 0 0 0 0 0 0 0 0 0 0 0 0 0 0 0 0 0
0 0 0 0 0 0 0 0 0 0 0 0 0 0 0 0 0 0 0 0 0 0 0 0 0 0 0 0 0 0 0 0 0 0 0 0
0 0 0 0 0 0 0 0 0 0 0 0 0 0 0 0 0 0 0 0 0
##$SHL_SFCOEFFS4= (0..200)
0 0 0 0 0 0 0 0 0 0 0 0 0 0 0 0 0 0 0 0 0 0 0 0 0 0 0 0 0 0 0 0 0 0 0 0
0 0 0 0 0 0 0 0 0 0 0 0 0 0 0 0 0 0 0 0 0 0 0 0 0 0 0 0 0 0 0 0 0 0 0 0
0 0 0 0 0 0 0 0 0 0 0 0 0 0 0 0 0 0 0 0 0 0 0 0 0 0 0 0 0 0 0 0 0 0 0 0
0 0 0 0 0 0 0 0 0 0 0 0 0 0 0 0 0 0 0 0 0 0 0 0 0 0 0 0 0 0 0 0 0 0 0 0
0 0 0 0 0 0 0 0 0 0 0 0 0 0 0 0 0 0 0 0 0 0 0 0 0 0 0 0 0 0 0 0 0 0 0 0
0 0 0 0 0 0 0 0 0 0 0 0 0 0 0 0 0 0 0 0 0
##$SHL_SFCOEFFS5= (0..200)
0 0 0 0 0 0 0 0 0 0 0 0 0 0 0 0 0 0 0 0 0 0 0 0 0 0 0 0 0 0 0 0 0 0 0 0
0 0 0 0 0 0 0 0 0 0 0 0 0 0 0 0 0 0 0 0 0 0 0 0 0 0 0 0 0 0 0 0 0 0 0 0
0 0 0 0 0 0 0 0 0 0 0 0 0 0 0 0 0 0 0 0 0 0 0 0 0 0 0 0 0 0 0 0 0 0 0 0
0 0 0 0 0 0 0 0 0 0 0 0 0 0 0 0 0 0 0 0 0 0 0 0 0 0 0 0 0 0 0 0 0 0 0 0
0 0 0 0 0 0 0 0 0 0 0 0 0 0 0 0 0 0 0 0 0 0 0 0 0 0 0 0 0 0 0 0 0 0 0 0
0 0 0 0 0 0 0 0 0 0 0 0 0 0 0 0 0 0 0 0 0
##$SHL_SFCOEFFS6= (0..200)
0 0 0 0 0 0 0 0 0 0 0 0 0 0 0 0 0 0 0 0 0 0 0 0 0 0 0 0 0 0 0 0 0 0 0 0
0 0 0 0 0 0 0 0 0 0 0 0 0 0 0 0 0 0 0 0 0 0 0 0 0 0 0 0 0 0 0 0 0 0 0 0
0 0 0 0 0 0 0 0 0 0 0 0 0 0 0 0 0 0 0 0 0 0 0 0 0 0 0 0 0 0 0 0 0 0 0 0
0 0 0 0 0 0 0 0 0 0 0 0 0 0 0 0 0 0 0 0 0 0 0 0 0 0 0 0 0 0 0 0 0 0 0 0
0 0 0 0 0 0 0 0 0 0 0 0 0 0 0 0 0 0 0 0 0 0 0 0 0 0 0 0 0 0 0 0 0 0 0 0
0 0 0 0 0 0 0 0 0 0 0 0 0 0 0 0 0 0 0 0 0
##$SHL_SFCOEFFS7= (0..200)
0 0 0 0 0 0 0 0 0 0 0 0 0 0 0 0 0 0 0 0 0 0 0 0 0 0 0 0 0 0 0 0 0 0 0 0
0 0 0 0 0 0 0 0 0 0 0 0 0 0 0 0 0 0 0 0 0 0 0 0 0 0 0 0 0 0 0 0 0 0 0 0
0 0 0 0 0 0 0 0 0 0 0 0 0 0 0 0 0 0 0 0 0 0 0 0 0 0 0 0 0 0 0 0 0 0 0 0
0 0 0 0 0 0 0 0 0 0 0 0 0 0 0 0 0 0 0 0 0 0 0 0 0 0 0 0 0 0 0 0 0 0 0 0
0 0 0 0 0 0 0 0 0 0 0 0 0 0 0 0 0 0 0 0 0 0 0 0 0 0 0 0 0 0 0 0 0 0 0 0
0 0 0 0 0 0 0 0 0 0 0 0 0 0 0 0 0 0 0 0 0
##$SHL_SFCOEFFS8= (0..200)
0 0 0 0 0 0 0 0 0 0 0 0 0 0 0 0 0 0 0 0 0 0 0 0 0 0 0 0 0 0 0 0 0 0 0 0
0 0 0 0 0 0 0 0 0 0 0 0 0 0 0 0 0 0 0 0 0 0 0 0 0 0 0 0 0 0 0 0 0 0 0 0
0 0 0 0 0 0 0 0 0 0 0 0 0 0 0 0 0 0 0 0 0 0 0 0 0 0 0 0 0 0 0 0 0 0 0 0
0 0 0 0 0 0 0 0 0 0 0 0 0 0 0 0 0 0 0 0 0 0 0 0 0 0 0 0 0 0 0 0 0 0 0 0
0 0 0 0 0 0 0 0 0 0 0 0 0 0 0 0 0 0 0 0 0 0 0 0 0 0 0 0 0 0 0 0 0 0 0 0
0 0 0 0 0 0 0 0 0 0 0 0 0 0 0 0 0 0 0 0 0
##$SHL_SFCOEFFS9= (0..200)
0 0 0 0 0 0 0 0 0 0 0 0 0 0 0 0 0 0 0 0 0 0 0 0 0 0 0 0 0 0 0 0 0 0 0 0
0 0 0 0 0 0 0 0 0 0 0 0 0 0 0 0 0 0 0 0 0 0 0 0 0 0 0 0 0 0 0 0 0 0 0 0
0 0 0 0 0 0 0 0 0 0 0 0 0 0 0 0 0 0 0 0 0 0 0 0 0 0 0 0 0 0 0 0 0 0 0 0
0 0 0 0 0 0 0 0 0 0 0 0 0 0 0 0 0 0 0 0 0 0 0 0 0 0 0 0 0 0 0 0 0 0 0 0
0 0 0 0 0 0 0 0 0 0 0 0 0 0 0 0 0 0 0 0 0 0 0 0 0 0 0 0 0 0 0 0 0 0 0 0
0 0 0 0 0 0 0 0 0 0 0 0 0 0 0 0 0 0 0 0 0
##$SHL_SMOOTHED= (0..15)
0 0 0 0 0 0 0 0 0 0 0 0 0 0 0 0
##$SHL_SMOOTHING= (0..15)
0 0 0 0 0 0 0 0 0 0 0 0 0 0 0 0
##$SHL_SPOAL= (0..15)
0 0 0 0 0 0 0 0 0 0 0 0 0 0 0 0
##$SHL_SPOFFS= (0..15)
0 0 0 0 0 0 0 0 0 0 0 0 0 0 0 0
##$SHL_SPOPH= (0..15)
0 0 0 0 0 0 0 0 0 0 0 0 0 0 0 0
##$SHL_STARTAMP= (0..15)
0 0 0 0 0 0 0 0 0 0 0 0 0 0 0 0
##$SHL_SW= (0..15)
2700000 0 0 0 0 0 0 0 0 0 0 0 0 0 0 0
##$SHL_SWDIR= (0..15)
-1 -1 -1 -1 -1 -1 -1 -1 -1 -1 -1 -1 -1 -1 -1 -1
##$SHL_TANKAPPA= (0..15)
0 0 0 0 0 0 0 0 0 0 0 0 0 0 0 0
##$SHL_TOTROT= (0..15)
180 0 0 0 0 0 0 0 0 0 0 0 0 0 0 0
##$SHL_TRUNCLEV= (0..15)
0 0 0 0 0 0 0 0 0 0 0 0 0 0 0 0
##$SHL_TYPE= (0..15)
<Inversion> <> <> <> <> <> <> <> <> <> <> <> <> <> <> <>
##$SHL_WINDOWSIZE= (0..15)
0 0 0 0 0 0 0 0 0 0 0 0 0 0 0 0
##$SHL_ZETA= (0..15)
0 0 0 0 0 0 0 0 0 0 0 0 0 0 0 0
##NPOINTS= 1600
##XYPOINTS= (XY..XY)
0.000000, 347.853797
0.000386, 323.584172
0.001544, 299.344922
0.003474, 275.136047
0.006176, 250.957547
0.009650, 226.809422
0.013896, 202.691672
0.018914, 178.604297
0.024703, 154.547297
0.031264, 130.520672
0.038596, 106.524422
0.046700, 82.558547
0.055576, 58.623047
0.065222, 34.717922
0.075640, 10.843172
0.086828, 346.998797
0.098787, 323.184797
0.111517, 299.401172
0.125016, 275.647922
0.139286, 251.925047
0.154326, 228.232547
0.170136, 204.570422
0.186715, 180.938672
0.204063, 157.337297
0.222179, 133.766297
0.241065, 110.225672
0.260719, 86.715422
0.281140, 63.235547
0.302330, 39.786047
0.324287, 16.366922
0.347011, 352.978172
0.370501, 329.619797
0.394758, 306.291797
0.419781, 282.994172
0.445569, 259.726922
0.472122, 236.490047
0.499441, 213.283547
0.527523, 190.107422
0.556370, 166.961672
0.585979, 143.846297
0.616352, 120.761297
0.647487, 97.706672
0.679385, 74.682422
0.712044, 51.688547
0.745464, 28.725047
0.779644, 5.791922
0.814584, 342.889172
0.850284, 320.016797
0.886743, 297.174797
0.923960, 274.363172
0.961935, 251.581922
1.000667, 228.831047
1.040156, 206.110547
1.080400, 183.420422
1.121400, 160.760672
1.163155, 138.131297
1.205664, 115.532297
1.248926, 92.963672
1.292941, 70.425422
1.337708, 47.917547
1.383226, 25.440047
1.429495, 2.992922
1.476514, 340.576172
1.524282, 318.189797
1.572798, 295.833797
1.622063, 273.508172
1.672074, 251.212922
1.722832, 228.948047
1.774335, 206.713547
1.826582, 184.509422
1.879574, 162.335672
1.933308, 140.192297
1.987785, 118.079297
2.043003, 95.996672
2.098961, 73.944422
2.155660, 51.922547
2.213096, 29.931047
2.271271, 7.969922
2.330183, 346.039172
2.389830, 324.138797
2.450213, 302.268797
2.511330, 280.429172
2.573180, 258.619922
2.635763, 236.841047
2.699077, 215.092547
2.763121, 193.374422
2.827895, 171.686672
2.893397, 150.029297
2.959626, 128.402297
3.026582, 106.805672
3.094262, 85.239422
3.162668, 63.703547
3.231796, 42.198047
3.301647, 20.722922
3.372218, 359.278172
3.443510, 337.863797
3.515520, 316.479797
3.588248, 295.126172
3.661693, 273.802922
3.735853, 252.510047
3.810728, 231.247547
3.886315, 210.015422
3.962615, 188.813672
4.039626, 167.642297
4.117346, 146.501297
4.195775, 125.390672
4.274911, 104.310422
4.354753, 83.260547
4.435300, 62.241047
4.516550, 41.251922
4.598502, 20.293172
4.681156, 359.364797
4.764509, 338.466797
4.848561, 317.599172
4.933310, 296.761922
5.018755, 275.955047
5.104895, 255.178547
5.191727, 234.432422
5.279252, 213.716672
5.367467, 193.031297
5.456371, 172.376297
5.545963, 151.751672
5.636241, 131.157422
5.727204, 110.593547
5.818851, 90.060047
5.911180, 69.556922
6.004190, 49.084172
6.097879, 28.641797
6.192246, 8.229797
6.287290, 347.848172
6.383008, 327.496922
6.479400, 307.176047
6.576464, 286.885547
6.674198, 266.625422
6.772601, 246.395672
6.871672, 226.196297
6.971409, 206.027297
7.071810, 185.888672
7.172874, 165.780422
7.274599, 145.702547
7.376984, 125.655047
7.480027, 105.637922
7.583726, 85.651172
7.688081, 65.694797
7.793089, 45.768797
7.898748, 25.873172
8.005058, 6.007922
8.112016, 346.173047
8.219620, 326.368547
8.327870, 306.594422
8.436764, 286.850672
8.546299, 267.137297
8.656474, 247.454297
8.767287, 227.801672
8.878737, 208.179422
8.990822, 188.587547
9.103541, 169.026047
9.216890, 149.494922
9.330870, 129.994172
9.445477, 110.523797
9.560711, 91.083797
9.676569, 71.674172
9.793050, 52.294922
9.910151, 32.946047
10.027872, 13.627547
10.146209, 354.339422
10.265162, 335.081672
10.384729, 315.854297
10.504907, 296.657297
10.625695, 277.490672
10.747091, 258.354422
10.869093, 239.248547
10.991699, 220.173047
11.114908, 201.127922
11.238717, 182.113172
11.363124, 163.128797
11.488129, 144.174797
11.613727, 125.251172
11.739919, 106.357922
11.866701, 87.495047
11.994072, 68.662547
12.122030, 49.860422
12.250572, 31.088672
12.379698, 12.347297
12.509404, 353.636297
12.639690, 334.955672
12.770552, 316.305422
12.901989, 297.685547
13.033999, 279.096047
13.166579, 260.536922
13.299729, 242.008172
13.433445, 223.509797
13.567725, 205.041797
13.702568, 186.604172
13.837972, 168.196922
13.973934, 149.820047
14.110452, 131.473547
14.247524, 113.157422
14.385149, 94.871672
14.523323, 76.616297
14.662045, 58.391297
14.801313, 40.196672
14.941124, 22.032422
15.081477, 3.898547
15.222368, 345.795047
15.363797, 327.721922
15.505761, 309.679172
15.648257, 291.666797
15.791283, 273.684797
15.934838, 255.733172
16.078919, 237.811922
16.223523, 219.921047
16.368649, 202.060547
16.514294, 184.230422
16.660457, 166.430672
16.807134, 148.661297
16.954324, 130.922297
17.102023, 113.213672
17.250231, 95.535422
17.398945, 77.887547
17.548162, 60.270047
17.697880, 42.682922
17.848096, 25.126172
17.998809, 7.599797
18.150017, 350.103797
18.301716, 332.638172
18.453904, 315.202922
18.606580, 297.798047
18.759740, 280.423547
18.913383, 263.079422
19.067505, 245.765672
19.222106, 228.482297
19.377181, 211.229297
19.532730, 194.006672
19.688748, 176.814422
19.845235, 159.652547
20.002188, 142.521047
20.159603, 125.419922
20.317480, 108.349172
20.475814, 91.308797
20.634605, 74.298797
20.793849, 57.319172
20.953544, 40.369922
21.113687, 23.451047
21.274277, 6.562547
21.435309, 349.704422
21.596784, 332.876672
21.758696, 316.079297
21.921045, 299.312297
22.083827, 282.575672
22.247040, 265.869422
22.410682, 249.193547
22.574750, 232.548047
22.739241, 215.932922
22.904153, 199.348172
23.069484, 182.793797
23.235230, 166.269797
23.401389, 149.776172
23.567960, 133.312922
23.734938, 116.880047
23.902322, 100.477547
24.070109, 84.105422
24.238296, 67.763672
24.406882, 51.452297
24.575862, 35.171297
24.745235, 18.920672
24.914997, 2.700422
25.085147, 346.510547
25.255682, 330.351047
25.426599, 314.221922
25.597895, 298.123172
25.769568, 282.054797
25.941616, 266.016797
26.114034, 250.009172
26.286822, 234.031922
26.459975, 218.085047
26.633492, 202.168547
26.807370, 186.282422
26.981606, 170.426672
27.156198, 154.601297
27.331142, 138.806297
27.506436, 123.041672
27.682078, 107.307422
27.858064, 91.603547
28.034392, 75.930047
28.211059, 60.286922
28.388062, 44.674172
28.565399, 29.091797
28.743068, 13.539797
28.921064, 358.018172
29.099386, 342.526922
29.278031, 327.066047
29.456995, 311.635547
29.636277, 296.235422
29.815873, 280.865672
29.995781, 265.526297
30.175998, 250.217297
30.356521, 234.938672
30.537347, 219.690422
30.718473, 204.472547
30.899898, 189.285047
31.081617, 174.127922
31.263628, 159.001172
31.445929, 143.904797
31.628516, 128.838797
31.811387, 113.803172
31.994539, 98.797922
32.177969, 83.823047
32.361673, 68.878547
32.545651, 53.964422
32.729897, 39.080672
32.914411, 24.227297
33.099188, 9.404297
33.284226, 354.611672
33.469522, 339.849422
33.655074, 325.117547
33.840878, 310.416047
34.026931, 295.744922
34.213231, 281.104172
34.399775, 266.493797
34.586560, 251.913797
34.773582, 237.364172
34.960840, 222.844922
35.148330, 208.356047
35.336049, 193.897547
35.523995, 179.469422
35.712164, 165.071672
35.900554, 150.704297
36.089162, 136.367297
36.277984, 122.060672
36.467018, 107.784422
36.656261, 93.538547
36.845711, 79.323047
37.035363, 65.137922
37.225215, 50.983172
37.415265, 36.858797
37.605509, 22.764797
37.795945, 8.701172
37.986568, 354.667922
38.177378, 340.665047
38.368370, 326.692547
38.559541, 312.750422
38.750889, 298.838672
38.942411, 284.957297
39.134104, 271.106297
39.325964, 257.285672
39.517989, 243.495422
39.710176, 229.735547
39.902522, 216.006047
40.095024, 202.306922
40.287679, 188.638172
40.480484, 174.999797
40.673435, 161.391797
40.866531, 147.814172
41.059768, 134.266922
41.253143, 120.750047
41.446652, 107.263547
41.640294, 93.807422
41.834065, 80.381672
42.027962, 66.986297
42.221983, 53.621297
42.416123, 40.286672
42.610380, 26.982422
42.804752, 13.708547
42.999234, 0.465047
43.193825, 347.251922
43.388521, 334.069172
43.583319, 320.916797
43.778215, 307.794797
43.973208, 294.703172
44.168294, 281.641922
44.363471, 268.611047
44.558734, 255.610547
44.754081, 242.640422
44.949509, 229.700672
45.145015, 216.791297
45.340596, 203.912297
45.536249, 191.063672
45.731971, 178.245422
45.927759, 165.457547
46.123610, 152.700047
46.319520, 139.972922
46.515488, 127.276172
46.711509, 114.609797
46.907581, 101.973797
47.103701, 89.368172
47.299865, 76.792922
47.496071, 64.248047
47.692316, 51.733547
47.888597, 39.249422
48.084910, 26.795672
48.281252, 14.372297
48.477622, 1.979297
48.674014, 349.616672
48.870427, 337.284422
49.066858, 324.982547
49.263303, 312.711047
49.459759, 300.469922
49.656224, 288.259172
49.852694, 276.078797
50.049166, 263.928797
50.245638, 251.809172
50.442106, 239.719922
50.638567, 227.661047
50.835018, 215.632547
51.031456, 203.634422
51.227878, 191.666672
51.424281, 179.729297
51.620663, 167.822297
51.817019, 155.945672
52.013347, 144.099422
52.209644, 132.283547
52.405907, 120.498047
52.602133, 108.742922
52.798319, 97.018172
52.994461, 85.323797
53.190558, 73.659797
53.386605, 62.026172
53.582599, 50.422922
53.778539, 38.850047
53.974420, 27.307547
54.170239, 15.795422
54.365995, 4.313672
54.561683, 352.862297
54.757300, 341.441297
54.952844, 330.050672
55.148312, 318.690422
55.343700, 307.360547
55.539005, 296.061047
55.734225, 284.791922
55.929357, 273.553172
56.124396, 262.344797
56.319342, 251.166797
56.514189, 240.019172
56.708937, 228.901922
56.903580, 217.815047
57.098117, 206.758547
57.292545, 195.732422
57.486859, 184.736672
57.681059, 173.771297
57.875139, 162.836297
58.069098, 151.931672
58.262933, 141.057422
58.456639, 130.213547
58.650216, 119.400047
58.843658, 108.616922
59.036965, 97.864172
59.230131, 87.141797
59.423155, 76.449797
59.616034, 65.788172
59.808764, 55.156922
60.001343, 44.556047
60.193767, 33.985547
60.386034, 23.445422
60.578140, 12.935672
60.770083, 2.456297
60.961860, 352.007297
61.153468, 341.588672
61.344903, 331.200422
61.536163, 320.842547
61.727245, 310.515047
61.918146, 300.217922
62.108863, 289.951172
62.299393, 279.714797
62.489734, 269.508797
62.679881, 259.333172
62.869832, 249.187922
63.059585, 239.073047
63.249136, 228.988547
63.438483, 218.934422
63.627622, 208.910672
63.816550, 198.917297
64.005266, 188.954297
64.193765, 179.021672
64.382045, 169.119422
64.570102, 159.247547
64.757935, 149.406047
64.945540, 139.594922
65.132915, 129.814172
65.320055, 120.063797
65.506959, 110.343797
65.693624, 100.654172
65.880046, 90.994922
66.066223, 81.366047
66.252152, 71.767547
66.437830, 62.199422
66.623254, 52.661672
66.808422, 43.154297
66.993330, 33.677297
67.177976, 24.230672
67.362356, 14.814422
67.546468, 5.428547
67.730310, 356.073047
67.913877, 346.747922
68.097168, 337.453172
68.280180, 328.188797
68.462909, 318.954797
68.645354, 309.751172
68.827510, 300.577922
69.009376, 291.435047
69.190948, 282.322547
69.372224, 273.240422
69.553201, 264.188672
69.733875, 255.167297
69.914245, 246.176297
70.094308, 237.215672
70.274061, 228.285422
70.453500, 219.385547
70.632623, 210.516047
70.811428, 201.676922
70.989912, 192.868172
71.168071, 184.089797
71.345904, 175.341797
71.523407, 166.624172
71.700578, 157.936922
71.877414, 149.280047
72.053911, 140.653547
72.230069, 132.057422
72.405883, 123.491672
72.581351, 114.956297
72.756471, 106.451297
72.931239, 97.976672
73.105653, 89.532422
73.279710, 81.118547
73.453408, 72.735047
73.626744, 64.381922
73.799714, 56.059172
73.972318, 47.766797
74.144551, 39.504797
74.316412, 31.273172
74.487897, 23.071922
74.659003, 14.901047
74.829730, 6.760547
75.000072, 358.650422
75.170029, 350.570672
75.339597, 342.521297
75.508774, 334.502297
75.677557, 326.513672
75.845944, 318.555422
76.013931, 310.627547
76.181517, 302.730047
76.348698, 294.862922
76.515473, 287.026172
76.681838, 279.219797
76.847792, 271.443797
77.013330, 263.698172
77.178452, 255.982922
77.343154, 248.298047
77.507434, 240.643547
77.671289, 233.019422
77.834717, 225.425672
77.997715, 217.862297
78.160280, 210.329297
78.322411, 202.826672
78.484105, 195.354422
78.645359, 187.912547
78.806170, 180.501047
78.966537, 173.119922
79.126456, 165.769172
79.285926, 158.448797
79.444944, 151.158797
79.603507, 143.899172
79.761612, 136.669922
79.919259, 129.471047
80.076443, 122.302547
80.233163, 115.164422
80.389416, 108.056672
80.545200, 100.979297
80.700512, 93.932297
80.855350, 86.915672
81.009712, 79.929422
81.163595, 72.973547
81.316997, 66.048047
81.469915, 59.152922
81.622348, 52.288172
81.774292, 45.453797
81.925745, 38.649797
82.076706, 31.876172
82.227171, 25.132922
82.377138, 18.420047
82.526606, 11.737547
82.675572, 5.085422
82.824033, 358.463672
82.971987, 351.872297
83.119432, 345.311297
83.266365, 338.780672
83.412785, 332.280422
83.558689, 325.810547
83.704075, 319.371047
83.848941, 312.961922
83.993284, 306.583172
84.137102, 300.234797
84.280393, 293.916797
84.423154, 287.629172
84.565384, 281.371922
84.707081, 275.145047
84.848241, 268.948547
84.988864, 262.782422
85.128946, 256.646672
85.268485, 250.541297
85.407481, 244.466297
85.545929, 238.421672
85.683829, 232.407422
85.821177, 226.423547
85.957973, 220.470047
86.094213, 214.546922
86.229896, 208.654172
86.365020, 202.791797
86.499582, 196.959797
86.633581, 191.158172
86.767014, 185.386922
86.899879, 179.646047
87.032174, 173.935547
87.163898, 168.255422
87.295048, 162.605672
87.425622, 156.986297
87.555618, 151.397297
87.685034, 145.838672
87.813868, 140.310422
87.942119, 134.812547
88.069784, 129.345047
88.196860, 123.907922
88.323348, 118.501172
88.449243, 113.124797
88.574544, 107.778797
88.699251, 102.463172
88.823359, 97.177922
88.946868, 91.923047
89.069776, 86.698547
89.192080, 81.504422
89.313779, 76.340672
89.434872, 71.207297
89.555355, 66.104297
89.675228, 61.031672
89.794488, 55.989422
89.913133, 50.977547
90.031162, 45.996047
90.148574, 41.044922
90.265365, 36.124172
90.381534, 31.233797
90.497080, 26.373797
90.612001, 21.544172
90.726295, 16.744922
90.839960, 11.976047
90.952994, 7.237547
91.065396, 2.529422
91.177164, 357.851672
91.288296, 353.204297
91.398790, 348.587297
91.508646, 344.000672
91.617860, 339.444422
91.726432, 334.918547
91.834359, 330.423047
91.941641, 325.957922
92.048275, 321.523172
92.154259, 317.118797
92.259593, 312.744797
92.364275, 308.401172
92.468302, 304.087922
92.571673, 299.805047
92.674387, 295.552547
92.776443, 291.330422
92.877837, 287.138672
92.978570, 282.977297
93.078639, 278.846297
93.178043, 274.745672
93.276780, 270.675422
93.374849, 266.635547
93.472249, 262.626047
93.568977, 258.646922
93.665032, 254.698172
93.760413, 250.779797
93.855118, 246.891797
93.949147, 243.034172
94.042496, 239.206922
94.135166, 235.410047
94.227154, 231.643547
94.318459, 227.907422
94.409080, 224.201672
94.499016, 220.526297
94.588264, 216.881297
94.676824, 213.266672
94.764694, 209.682422
94.851872, 206.128547
94.938358, 202.605047
95.024151, 199.111922
95.109248, 195.649172
95.193648, 192.216797
95.277351, 188.814797
95.360355, 185.443172
95.442658, 182.101922
95.524260, 178.791047
95.605158, 175.510547
95.685353, 172.260422
95.764842, 169.040672
95.843625, 165.851297
95.921699, 162.692297
95.999065, 159.563672
96.075720, 156.465422
96.151664, 153.397547
96.226895, 150.360047
96.301413, 147.352922
96.375216, 144.376172
96.448302, 141.429797
96.520672, 138.513797
96.592323, 135.628172
96.663254, 132.772922
96.733465, 129.948047
96.802955, 127.153547
96.871722, 124.389422
96.939765, 121.655672
97.007084, 118.952297
97.073676, 116.279297
97.139542, 113.636672
97.204680, 111.024422
97.269089, 108.442547
97.332768, 105.891047
97.395716, 103.369922
97.457933, 100.879172
97.519417, 98.418797
97.580167, 95.988797
97.640182, 93.589172
97.699462, 91.219922
97.758005, 88.881047
97.815811, 86.572547
97.872878, 84.294422
97.929207, 82.046672
97.984795, 79.829297
98.039643, 77.642297
98.093748, 75.485672
98.147111, 73.359422
98.199731, 71.263547
98.251606, 69.198047
98.302737, 67.162922
98.353121, 65.158172
98.402759, 63.183797
98.451650, 61.239797
98.499792, 59.326172
98.547186, 57.442922
98.593830, 55.590047
98.639724, 53.767547
98.684866, 51.975422
98.729257, 50.213672
98.772896, 48.482297
98.815781, 46.781297
98.857913, 45.110672
98.899291, 43.470422
98.939913, 41.860547
98.979780, 40.281047
99.018890, 38.731922
99.057244, 37.213172
99.094840, 35.724797
99.131678, 34.266797
99.167757, 32.839172
99.203077, 31.441922
99.237638, 30.075047
99.271438, 28.738547
99.304477, 27.432422
99.336756, 26.156672
99.368272, 24.911297
99.399026, 23.696297
99.429017, 22.511672
99.458246, 21.357422
99.486710, 20.233547
99.514411, 19.140047
99.541346, 18.076922
99.567517, 17.044172
99.592923, 16.041797
99.617563, 15.069797
99.641436, 14.128172
99.664544, 13.216922
99.686884, 12.336047
99.708457, 11.485547
99.729263, 10.665422
99.749301, 9.875672
99.768570, 9.116297
99.787072, 8.387297
99.804804, 7.688672
99.821768, 7.020422
99.837962, 6.382547
99.853386, 5.775047
99.868041, 5.197922
99.881926, 4.651172
99.895041, 4.134797
99.907385, 3.648797
99.918959, 3.193172
99.929762, 2.767922
99.939794, 2.373047
99.949055, 2.008547
99.957544, 1.674422
99.965263, 1.370672
99.972210, 1.097297
99.978385, 0.854297
99.983788, 0.641672
99.988420, 0.459422
99.992280, 0.307547
99.995368, 0.186047
99.997684, 0.094922
99.999228, 0.034172
100.000000, 0.003797
100.000000, 0.003797
99.999228, 0.034172
99.997684, 0.094922
99.995368, 0.186047
99.992280, 0.307547
99.988420, 0.459422
99.983788, 0.641672
99.978385, 0.854297
99.972210, 1.097297
99.965263, 1.370672
99.957544, 1.674422
99.949055, 2.008547
99.939794, 2.373047
99.929762, 2.767922
99.918959, 3.193172
99.907385, 3.648797
99.895041, 4.134797
99.881926, 4.651172
99.868041, 5.197922
99.853386, 5.775047
99.837962, 6.382547
99.821768, 7.020422
99.804804, 7.688672
99.787072, 8.387297
99.768570, 9.116297
99.749301, 9.875672
99.729263, 10.665422
99.708457, 11.485547
99.686884, 12.336047
99.664544, 13.216922
99.641436, 14.128172
99.617563, 15.069797
99.592923, 16.041797
99.567517, 17.044172
99.541346, 18.076922
99.514411, 19.140047
99.486710, 20.233547
99.458246, 21.357422
99.429017, 22.511672
99.399026, 23.696297
99.368272, 24.911297
99.336756, 26.156672
99.304477, 27.432422
99.271438, 28.738547
99.237638, 30.075047
99.203077, 31.441922
99.167757, 32.839172
99.131678, 34.266797
99.094840, 35.724797
99.057244, 37.213172
99.018890, 38.731922
98.979780, 40.281047
98.939913, 41.860547
98.899291, 43.470422
98.857913, 45.110672
98.815781, 46.781297
98.772896, 48.482297
98.729257, 50.213672
98.684866, 51.975422
98.639724, 53.767547
98.593830, 55.590047
98.547186, 57.442922
98.499792, 59.326172
98.451650, 61.239797
98.402759, 63.183797
98.353121, 65.158172
98.302737, 67.162922
98.251606, 69.198047
98.199731, 71.263547
98.147111, 73.359422
98.093748, 75.485672
98.039643, 77.642297
97.984795, 79.829297
97.929207, 82.046672
97.872878, 84.294422
97.815811, 86.572547
97.758005, 88.881047
97.699462, 91.219922
97.640182, 93.589172
97.580167, 95.988797
97.519417, 98.418797
97.457933, 100.879172
97.395716, 103.369922
97.332768, 105.891047
97.269089, 108.442547
97.204680, 111.024422
97.139542, 113.636672
97.073676, 116.279297
97.007084, 118.952297
96.939765, 121.655672
96.871722, 124.389422
96.802955, 127.153547
96.733465, 129.948047
96.663254, 132.772922
96.592323, 135.628172
96.520672, 138.513797
96.448302, 141.429797
96.375216, 144.376172
96.301413, 147.352922
96.226895, 150.360047
96.151664, 153.397547
96.075720, 156.465422
95.999065, 159.563672
95.921699, 162.692297
95.843625, 165.851297
95.764842, 169.040672
95.685353, 172.260422
95.605158, 175.510547
95.524260, 178.791047
95.442658, 182.101922
95.360355, 185.443172
95.277351, 188.814797
95.193648, 192.216797
95.109248, 195.649172
95.024151, 199.111922
94.938358, 202.605047
94.851872, 206.128547
94.764694, 209.682422
94.676824, 213.266672
94.588264, 216.881297
94.499016, 220.526297
94.409080, 224.201672
94.318459, 227.907422
94.227154, 231.643547
94.135166, 235.410047
94.042496, 239.206922
93.949147, 243.034172
93.855118, 246.891797
93.760413, 250.779797
93.665032, 254.698172
93.568977, 258.646922
93.472249, 262.626047
93.374849, 266.635547
93.276780, 270.675422
93.178043, 274.745672
93.078639, 278.846297
92.978570, 282.977297
92.877837, 287.138672
92.776443, 291.330422
92.674387, 295.552547
92.571673, 299.805047
92.468302, 304.087922
92.364275, 308.401172
92.259593, 312.744797
92.154259, 317.118797
92.048275, 321.523172
91.941641, 325.957922
91.834359, 330.423047
91.726432, 334.918547
91.617860, 339.444422
91.508646, 344.000672
91.398790, 348.587297
91.288296, 353.204297
91.177164, 357.851672
91.065396, 2.529422
90.952994, 7.237547
90.839960, 11.976047
90.726295, 16.744922
90.612001, 21.544172
90.497080, 26.373797
90.381534, 31.233797
90.265365, 36.124172
90.148574, 41.044922
90.031162, 45.996047
89.913133, 50.977547
89.794488, 55.989422
89.675228, 61.031672
89.555355, 66.104297
89.434872, 71.207297
89.313779, 76.340672
89.192080, 81.504422
89.069776, 86.698547
88.946868, 91.923047
88.823359, 97.177922
88.699251, 102.463172
88.574544, 107.778797
88.449243, 113.124797
88.323348, 118.501172
88.196860, 123.907922
88.069784, 129.345047
87.942119, 134.812547
87.813868, 140.310422
87.685034, 145.838672
87.555618, 151.397297
87.425622, 156.986297
87.295048, 162.605672
87.163898, 168.255422
87.032174, 173.935547
86.899879, 179.646047
86.767014, 185.386922
86.633581, 191.158172
86.499582, 196.959797
86.365020, 202.791797
86.229896, 208.654172
86.094213, 214.546922
85.957973, 220.470047
85.821177, 226.423547
85.683829, 232.407422
85.545929, 238.421672
85.407481, 244.466297
85.268485, 250.541297
85.128946, 256.646672
84.988864, 262.782422
84.848241, 268.948547
84.707081, 275.145047
84.565384, 281.371922
84.423154, 287.629172
84.280393, 293.916797
84.137102, 300.234797
83.993284, 306.583172
83.848941, 312.961922
83.704075, 319.371047
83.558689, 325.810547
83.412785, 332.280422
83.266365, 338.780672
83.119432, 345.311297
82.971987, 351.872297
82.824033, 358.463672
82.675572, 5.085422
82.526606, 11.737547
82.377138, 18.420047
82.227171, 25.132922
82.076706, 31.876172
81.925745, 38.649797
81.774292, 45.453797
81.622348, 52.288172
81.469915, 59.152922
81.316997, 66.048047
81.163595, 72.973547
81.009712, 79.929422
80.855350, 86.915672
80.700512, 93.932297
80.545200, 100.979297
80.389416, 108.056672
80.233163, 115.164422
80.076443, 122.302547
79.919259, 129.471047
79.761612, 136.669922
79.603507, 143.899172
79.444944, 151.158797
79.285926, 158.448797
79.126456, 165.769172
78.966537, 173.119922
78.806170, 180.501047
78.645359, 187.912547
78.484105, 195.354422
78.322411, 202.826672
78.160280, 210.329297
77.997715, 217.862297
77.834717, 225.425672
77.671289, 233.019422
77.507434, 240.643547
77.343154, 248.298047
77.178452, 255.982922
77.013330, 263.698172
76.847792, 271.443797
76.681838, 279.219797
76.515473, 287.026172
76.348698, 294.862922
76.181517, 302.730047
76.013931, 310.627547
75.845944, 318.555422
75.677557, 326.513672
75.508774, 334.502297
75.339597, 342.521297
75.170029, 350.570672
75.000072, 358.650422
74.829730, 6.760547
74.659003, 14.901047
74.487897, 23.071922
74.316412, 31.273172
74.144551, 39.504797
73.972318, 47.766797
73.799714, 56.059172
73.626744, 64.381922
73.453408, 72.735047
73.279710, 81.118547
73.105653, 89.532422
72.931239, 97.976672
72.756471, 106.451297
72.581351, 114.956297
72.405883, 123.491672
72.230069, 132.057422
72.053911, 140.653547
71.877414, 149.280047
71.700578, 157.936922
71.523407, 166.624172
71.345904, 175.341797
71.168071, 184.089797
70.989912, 192.868172
70.811428, 201.676922
70.632623, 210.516047
70.453500, 219.385547
70.274061, 228.285422
70.094308, 237.215672
69.914245, 246.176297
69.733875, 255.167297
69.553201, 264.188672
69.372224, 273.240422
69.190948, 282.322547
69.009376, 291.435047
68.827510, 300.577922
68.645354, 309.751172
68.462909, 318.954797
68.280180, 328.188797
68.097168, 337.453172
67.913877, 346.747922
67.730310, 356.073047
67.546468, 5.428547
67.362356, 14.814422
67.177976, 24.230672
66.993330, 33.677297
66.808422, 43.154297
66.623254, 52.661672
66.437830, 62.199422
66.252152, 71.767547
66.066223, 81.366047
65.880046, 90.994922
65.693624, 100.654172
65.506959, 110.343797
65.320055, 120.063797
65.132915, 129.814172
64.945540, 139.594922
64.757935, 149.406047
64.570102, 159.247547
64.382045, 169.119422
64.193765, 179.021672
64.005266, 188.954297
63.816550, 198.917297
63.627622, 208.910672
63.438483, 218.934422
63.249136, 228.988547
63.059585, 239.073047
62.869832, 249.187922
62.679881, 259.333172
62.489734, 269.508797
62.299393, 279.714797
62.108863, 289.951172
61.918146, 300.217922
61.727245, 310.515047
61.536163, 320.842547
61.344903, 331.200422
61.153468, 341.588672
60.961860, 352.007297
60.770083, 2.456297
60.578140, 12.935672
60.386034, 23.445422
60.193767, 33.985547
60.001343, 44.556047
59.808764, 55.156922
59.616034, 65.788172
59.423155, 76.449797
59.230131, 87.141797
59.036965, 97.864172
58.843658, 108.616922
58.650216, 119.400047
58.456639, 130.213547
58.262933, 141.057422
58.069098, 151.931672
57.875139, 162.836297
57.681059, 173.771297
57.486859, 184.736672
57.292545, 195.732422
57.098117, 206.758547
56.903580, 217.815047
56.708937, 228.901922
56.514189, 240.019172
56.319342, 251.166797
56.124396, 262.344797
55.929357, 273.553172
55.734225, 284.791922
55.539005, 296.061047
55.343700, 307.360547
55.148312, 318.690422
54.952844, 330.050672
54.757300, 341.441297
54.561683, 352.862297
54.365995, 4.313672
54.170239, 15.795422
53.974420, 27.307547
53.778539, 38.850047
53.582599, 50.422922
53.386605, 62.026172
53.190558, 73.659797
52.994461, 85.323797
52.798319, 97.018172
52.602133, 108.742922
52.405907, 120.498047
52.209644, 132.283547
52.013347, 144.099422
51.817019, 155.945672
51.620663, 167.822297
51.424281, 179.729297
51.227878, 191.666672
51.031456, 203.634422
50.835018, 215.632547
50.638567, 227.661047
50.442106, 239.719922
50.245638, 251.809172
50.049166, 263.928797
49.852694, 276.078797
49.656224, 288.259172
49.459759, 300.469922
49.263303, 312.711047
49.066858, 324.982547
48.870427, 337.284422
48.674014, 349.616672
48.477622, 1.979297
48.281252, 14.372297
48.084910, 26.795672
47.888597, 39.249422
47.692316, 51.733547
47.496071, 64.248047
47.299865, 76.792922
47.103701, 89.368172
46.907581, 101.973797
46.711509, 114.609797
46.515488, 127.276172
46.319520, 139.972922
46.123610, 152.700047
45.927759, 165.457547
45.731971, 178.245422
45.536249, 191.063672
45.340596, 203.912297
45.145015, 216.791297
44.949509, 229.700672
44.754081, 242.640422
44.558734, 255.610547
44.363471, 268.611047
44.168294, 281.641922
43.973208, 294.703172
43.778215, 307.794797
43.583319, 320.916797
43.388521, 334.069172
43.193825, 347.251922
42.999234, 0.465047
42.804752, 13.708547
42.610380, 26.982422
42.416123, 40.286672
42.221983, 53.621297
42.027962, 66.986297
41.834065, 80.381672
41.640294, 93.807422
41.446652, 107.263547
41.253143, 120.750047
41.059768, 134.266922
40.866531, 147.814172
40.673435, 161.391797
40.480484, 174.999797
40.287679, 188.638172
40.095024, 202.306922
39.902522, 216.006047
39.710176, 229.735547
39.517989, 243.495422
39.325964, 257.285672
39.134104, 271.106297
38.942411, 284.957297
38.750889, 298.838672
38.559541, 312.750422
38.368370, 326.692547
38.177378, 340.665047
37.986568, 354.667922
37.795945, 8.701172
37.605509, 22.764797
37.415265, 36.858797
37.225215, 50.983172
37.035363, 65.137922
36.845711, 79.323047
36.656261, 93.538547
36.467018, 107.784422
36.277984, 122.060672
36.089162, 136.367297
35.900554, 150.704297
35.712164, 165.071672
35.523995, 179.469422
35.336049, 193.897547
35.148330, 208.356047
34.960840, 222.844922
34.773582, 237.364172
34.586560, 251.913797
34.399775, 266.493797
34.213231, 281.104172
34.026931, 295.744922
33.840878, 310.416047
33.655074, 325.117547
33.469522, 339.849422
33.284226, 354.611672
33.099188, 9.404297
32.914411, 24.227297
32.729897, 39.080672
32.545651, 53.964422
32.361673, 68.878547
32.177969, 83.823047
31.994539, 98.797922
31.811387, 113.803172
31.628516, 128.838797
31.445929, 143.904797
31.263628, 159.001172
31.081617, 174.127922
30.899898, 189.285047
30.718473, 204.472547
30.537347, 219.690422
30.356521, 234.938672
30.175998, 250.217297
29.995781, 265.526297
29.815873, 280.865672
29.636277, 296.235422
29.456995, 311.635547
29.278031, 327.066047
29.099386, 342.526922
28.921064, 358.018172
28.743068, 13.539797
28.565399, 29.091797
28.388062, 44.674172
28.211059, 60.286922
28.034392, 75.930047
27.858064, 91.603547
27.682078, 107.307422
27.506436, 123.041672
27.331142, 138.806297
27.156198, 154.601297
26.981606, 170.426672
26.807370, 186.282422
26.633492, 202.168547
26.459975, 218.085047
26.286822, 234.031922
26.114034, 250.009172
25.941616, 266.016797
25.769568, 282.054797
25.597895, 298.123172
25.426599, 314.221922
25.255682, 330.351047
25.085147, 346.510547
24.914997, 2.700422
24.745235, 18.920672
24.575862, 35.171297
24.406882, 51.452297
24.238296, 67.763672
24.070109, 84.105422
23.902322, 100.477547
23.734938, 116.880047
23.567960, 133.312922
23.401389, 149.776172
23.235230, 166.269797
23.069484, 182.793797
22.904153, 199.348172
22.739241, 215.932922
22.574750, 232.548047
22.410682, 249.193547
22.247040, 265.869422
22.083827, 282.575672
21.921045, 299.312297
21.758696, 316.079297
21.596784, 332.876672
21.435309, 349.704422
21.274277, 6.562547
21.113687, 23.451047
20.953544, 40.369922
20.793849, 57.319172
20.634605, 74.298797
20.475814, 91.308797
20.317480, 108.349172
20.159603, 125.419922
20.002188, 142.521047
19.845235, 159.652547
19.688748, 176.814422
19.532730, 194.006672
19.377181, 211.229297
19.222106, 228.482297
19.067505, 245.765672
18.913383, 263.079422
18.759740, 280.423547
18.606580, 297.798047
18.453904, 315.202922
18.301716, 332.638172
18.150017, 350.103797
17.998809, 7.599797
17.848096, 25.126172
17.697880, 42.682922
17.548162, 60.270047
17.398945, 77.887547
17.250231, 95.535422
17.102023, 113.213672
16.954324, 130.922297
16.807134, 148.661297
16.660457, 166.430672
16.514294, 184.230422
16.368649, 202.060547
16.223523, 219.921047
16.078919, 237.811922
15.934838, 255.733172
15.791283, 273.684797
15.648257, 291.666797
15.505761, 309.679172
15.363797, 327.721922
15.222368, 345.795047
15.081477, 3.898547
14.941124, 22.032422
14.801313, 40.196672
14.662045, 58.391297
14.523323, 76.616297
14.385149, 94.871672
14.247524, 113.157422
14.110452, 131.473547
13.973934, 149.820047
13.837972, 168.196922
13.702568, 186.604172
13.567725, 205.041797
13.433445, 223.509797
13.299729, 242.008172
13.166579, 260.536922
13.033999, 279.096047
12.901989, 297.685547
12.770552, 316.305422
12.639690, 334.955672
12.509404, 353.636297
12.379698, 12.347297
12.250572, 31.088672
12.122030, 49.860422
11.994072, 68.662547
11.866701, 87.495047
11.739919, 106.357922
11.613727, 125.251172
11.488129, 144.174797
11.363124, 163.128797
11.238717, 182.113172
11.114908, 201.127922
10.991699, 220.173047
10.869093, 239.248547
10.747091, 258.354422
10.625695, 277.490672
10.504907, 296.657297
10.384729, 315.854297
10.265162, 335.081672
10.146209, 354.339422
10.027872, 13.627547
9.910151, 32.946047
9.793050, 52.294922
9.676569, 71.674172
9.560711, 91.083797
9.445477, 110.523797
9.330870, 129.994172
9.216890, 149.494922
9.103541, 169.026047
8.990822, 188.587547
8.878737, 208.179422
8.767287, 227.801672
8.656474, 247.454297
8.546299, 267.137297
8.436764, 286.850672
8.327870, 306.594422
8.219620, 326.368547
8.112016, 346.173047
8.005058, 6.007922
7.898748, 25.873172
7.793089, 45.768797
7.688081, 65.694797
7.583726, 85.651172
7.480027, 105.637922
7.376984, 125.655047
7.274599, 145.702547
7.172874, 165.780422
7.071810, 185.888672
6.971409, 206.027297
6.871672, 226.196297
6.772601, 246.395672
6.674198, 266.625422
6.576464, 286.885547
6.479400, 307.176047
6.383008, 327.496922
6.287290, 347.848172
6.192246, 8.229797
6.097879, 28.641797
6.004190, 49.084172
5.911180, 69.556922
5.818851, 90.060047
5.727204, 110.593547
5.636241, 131.157422
5.545963, 151.751672
5.456371, 172.376297
5.367467, 193.031297
5.279252, 213.716672
5.191727, 234.432422
5.104895, 255.178547
5.018755, 275.955047
4.933310, 296.761922
4.848561, 317.599172
4.764509, 338.466797
4.681156, 359.364797
4.598502, 20.293172
4.516550, 41.251922
4.435300, 62.241047
4.354753, 83.260547
4.274911, 104.310422
4.195775, 125.390672
4.117346, 146.501297
4.039626, 167.642297
3.962615, 188.813672
3.886315, 210.015422
3.810728, 231.247547
3.735853, 252.510047
3.661693, 273.802922
3.588248, 295.126172
3.515520, 316.479797
3.443510, 337.863797
3.372218, 359.278172
3.301647, 20.722922
3.231796, 42.198047
3.162668, 63.703547
3.094262, 85.239422
3.026582, 106.805672
2.959626, 128.402297
2.893397, 150.029297
2.827895, 171.686672
2.763121, 193.374422
2.699077, 215.092547
2.635763, 236.841047
2.573180, 258.619922
2.511330, 280.429172
2.450213, 302.268797
2.389830, 324.138797
2.330183, 346.039172
2.271271, 7.969922
2.213096, 29.931047
2.155660, 51.922547
2.098961, 73.944422
2.043003, 95.996672
1.987785, 118.079297
1.933308, 140.192297
1.879574, 162.335672
1.826582, 184.509422
1.774335, 206.713547
1.722832, 228.948047
1.672074, 251.212922
1.622063, 273.508172
1.572798, 295.833797
1.524282, 318.189797
1.476514, 340.576172
1.429495, 2.992922
1.383226, 25.440047
1.337708, 47.917547
1.292941, 70.425422
1.248926, 92.963672
1.205664, 115.532297
1.163155, 138.131297
1.121400, 160.760672
1.080400, 183.420422
1.040156, 206.110547
1.000667, 228.831047
0.961935, 251.581922
0.923960, 274.363172
0.886743, 297.174797
0.850284, 320.016797
0.814584, 342.889172
0.779644, 5.791922
0.745464, 28.725047
0.712044, 51.688547
0.679385, 74.682422
0.647487, 97.706672
0.616352, 120.761297
0.585979, 143.846297
0.556370, 166.961672
0.527523, 190.107422
0.499441, 213.283547
0.472122, 236.490047
0.445569, 259.726922
0.419781, 282.994172
0.394758, 306.291797
0.370501, 329.619797
0.347011, 352.978172
0.324287, 16.366922
0.302330, 39.786047
0.281140, 63.235547
0.260719, 86.715422
0.241065, 110.225672
0.222179, 133.766297
0.204063, 157.337297
0.186715, 180.938672
0.170136, 204.570422
0.154326, 228.232547
0.139286, 251.925047
0.125016, 275.647922
0.111517, 299.401172
0.098787, 323.184797
0.086828, 346.998797
0.075640, 10.843172
0.065222, 34.717922
0.055576, 58.623047
0.046700, 82.558547
0.038596, 106.524422
0.031264, 130.520672
0.024703, 154.547297
0.018914, 178.604297
0.013896, 202.691672
0.009650, 226.809422
0.006176, 250.957547
0.003474, 275.136047
0.001544, 299.344922
0.000386, 323.584172
0.000000, 347.853797
##END=
