##TITLE= Parameter file, TopSpin 3.5 pl 7
##JCAMPDX= 5.0
##DATATYPE= Parameter Values
##NPOINTS= 1601	$$ modification sequence number
##ORIGIN= Bruker BioSpin GmbH
##OWNER= j_kopp06
$$ 2021-02-12 12:20:26.049 +0100  j_kopp06@nmr300
$$ /opt/topspin3.5pl7/exp/stan/nmr/lists/wave/user/wurst.jk
$$ process /opt/topspin3.5pl7/prog/au/bin/user/wcpmg_only.jk
##MINX= 0.00000000
##MAXX= 100.00000000
##MINY= 0.00000000
##MAXY= 359.12250000
##$SHAPE_ADDPHASE= 0
##$SHAPE_AMP= 100
##$SHAPE_BWFAC= 72.204
##$SHAPE_BWFAC50= 0
##$SHAPE_CALCBW= yes
##$SHAPE_CALCINTEG= yes
##$SHAPE_EXMODE= <Excitation>
##$SHAPE_EXPAND= <>
##$SHAPE_EXPANDCF= (0..143)
0 0 0 0 0 0 0 0 0 0 0 0 0 0 0 0 0 0 0 0 0 0 0 0 0 0 0 0 0 0 0 0 0 0 0 0
0 0 0 0 0 0 0 0 0 0 0 0 0 0 0 0 0 0 0 0 0 0 0 0 0 0 0 0 0 0 0 0 0 0 0 0
0 0 0 0 0 0 0 0 0 0 0 0 0 0 0 0 0 0 0 0 0 0 0 0 0 0 0 0 0 0 0 0 0 0 0 0
0 0 0 0 0 0 0 0 0 0 0 0 0 0 0 0 0 0 0 0 0 0 0 0 0 0 0 0 0 0 0 0 0 0 0 0
##$SHAPE_EXPFAC= 0
##$SHAPE_FRACEND= 0
##$SHAPE_FRACORG= 0
##$SHAPE_FRACSTART= 0
##$SHAPE_INTEGFAC= 0.111879999975704
##$SHAPE_KEEPRES= yes
##$SHAPE_LENGTH= 1600
##$SHAPE_MAN= <>
##$SHAPE_MODE= 0
##$SHAPE_MODFREQ= 0
##$SHAPE_MODPHASE= 0
##$SHAPE_MODSCALE= 0
##$SHAPE_MODSW= 0
##$SHAPE_MODSWDIR= -1
##$SHAPE_NPOINTS= 1600
##$SHAPE_OFFS= <>
##$SHAPE_OFFSCOEFF= (0..95)
0 0 0 0 0 0 0 0 0 0 0 0 0 0 0 0 0 0 0 0 0 0 0 0 0 0 0 0 0 0 0 0 0 0 0 0
0 0 0 0 0 0 0 0 0 0 0 0 0 0 0 0 0 0 0 0 0 0 0 0 0 0 0 0 0 0 0 0 0 0 0 0
0 0 0 0 0 0 0 0 0 0 0 0 0 0 0 0 0 0 0 0 0 0 0 0
##$SHAPE_PARAMETER= <>
##$SHAPE_REPHFAC= 0
##$SHAPE_RES= 0
##$SHAPE_SCALEFAC= 1
##$SHAPE_SCALETYPE= 0
##$SHAPE_SPOAL= 0
##$SHAPE_SPOFFS= 0
##$SHAPE_SPOPH= 0
##$SHAPE_TOTROT= 90
##$SHAPE_TYPE= <Excitation>
##$SHAPE_USER_DEF= 0
##$SHAPE_VERSION= 2.1
##$SHL_ADDPHASE= (0..15)
0 0 0 0 0 0 0 0 0 0 0 0 0 0 0 0
##$SHL_ALIGNOFFSET= (0..15)
0 0 0 0 0 0 0 0 0 0 0 0 0 0 0 0
##$SHL_AMP= (0..15)
100 0 0 0 0 0 0 0 0 0 0 0 0 0 0 0
##$SHL_AMPFAC= (0..15)
0 0 0 0 0 0 0 0 0 0 0 0 0 0 0 0
##$SHL_BETA= (0..15)
0 0 0 0 0 0 0 0 0 0 0 0 0 0 0 0
##$SHL_BWFAC= (0..15)
72.204 0 0 0 0 0 0 0 0 0 0 0 0 0 0 0
##$SHL_CALCBW= (0..15)
yes yes yes yes yes yes yes yes yes yes yes yes yes yes yes yes
##$SHL_CALCINTEG= (0..15)
yes yes yes yes yes yes yes yes yes yes yes yes yes yes yes yes
##$SHL_CENTERAMP= (0..15)
0 0 0 0 0 0 0 0 0 0 0 0 0 0 0 0
##$SHL_CYCNUM= (0..15)
0 0 0 0 0 0 0 0 0 0 0 0 0 0 0 0
##$SHL_DIPOLCPL= (0..15)
0 0 0 0 0 0 0 0 0 0 0 0 0 0 0 0
##$SHL_ENDAMP= (0..15)
0 0 0 0 0 0 0 0 0 0 0 0 0 0 0 0
##$SHL_EXMODE= (0..15)
<Excitation> <> <> <> <> <> <> <> <> <> <> <> <> <> <> <>
##$SHL_EXPAND= (0..15)
<> <> <> <> <> <> <> <> <> <> <> <> <> <> <> <>
##$SHL_EXPANDCF0= (0..143)
0 0 0 0 0 0 0 0 0 0 0 0 0 0 0 0 0 0 0 0 0 0 0 0 0 0 0 0 0 0 0 0 0 0 0 0
0 0 0 0 0 0 0 0 0 0 0 0 0 0 0 0 0 0 0 0 0 0 0 0 0 0 0 0 0 0 0 0 0 0 0 0
0 0 0 0 0 0 0 0 0 0 0 0 0 0 0 0 0 0 0 0 0 0 0 0 0 0 0 0 0 0 0 0 0 0 0 0
0 0 0 0 0 0 0 0 0 0 0 0 0 0 0 0 0 0 0 0 0 0 0 0 0 0 0 0 0 0 0 0 0 0 0 0
##$SHL_EXPANDCF1= (0..143)
0 0 0 0 0 0 0 0 0 0 0 0 0 0 0 0 0 0 0 0 0 0 0 0 0 0 0 0 0 0 0 0 0 0 0 0
0 0 0 0 0 0 0 0 0 0 0 0 0 0 0 0 0 0 0 0 0 0 0 0 0 0 0 0 0 0 0 0 0 0 0 0
0 0 0 0 0 0 0 0 0 0 0 0 0 0 0 0 0 0 0 0 0 0 0 0 0 0 0 0 0 0 0 0 0 0 0 0
0 0 0 0 0 0 0 0 0 0 0 0 0 0 0 0 0 0 0 0 0 0 0 0 0 0 0 0 0 0 0 0 0 0 0 0
##$SHL_EXPANDCF10= (0..143)
0 0 0 0 0 0 0 0 0 0 0 0 0 0 0 0 0 0 0 0 0 0 0 0 0 0 0 0 0 0 0 0 0 0 0 0
0 0 0 0 0 0 0 0 0 0 0 0 0 0 0 0 0 0 0 0 0 0 0 0 0 0 0 0 0 0 0 0 0 0 0 0
0 0 0 0 0 0 0 0 0 0 0 0 0 0 0 0 0 0 0 0 0 0 0 0 0 0 0 0 0 0 0 0 0 0 0 0
0 0 0 0 0 0 0 0 0 0 0 0 0 0 0 0 0 0 0 0 0 0 0 0 0 0 0 0 0 0 0 0 0 0 0 0
##$SHL_EXPANDCF11= (0..143)
0 0 0 0 0 0 0 0 0 0 0 0 0 0 0 0 0 0 0 0 0 0 0 0 0 0 0 0 0 0 0 0 0 0 0 0
0 0 0 0 0 0 0 0 0 0 0 0 0 0 0 0 0 0 0 0 0 0 0 0 0 0 0 0 0 0 0 0 0 0 0 0
0 0 0 0 0 0 0 0 0 0 0 0 0 0 0 0 0 0 0 0 0 0 0 0 0 0 0 0 0 0 0 0 0 0 0 0
0 0 0 0 0 0 0 0 0 0 0 0 0 0 0 0 0 0 0 0 0 0 0 0 0 0 0 0 0 0 0 0 0 0 0 0
##$SHL_EXPANDCF12= (0..143)
0 0 0 0 0 0 0 0 0 0 0 0 0 0 0 0 0 0 0 0 0 0 0 0 0 0 0 0 0 0 0 0 0 0 0 0
0 0 0 0 0 0 0 0 0 0 0 0 0 0 0 0 0 0 0 0 0 0 0 0 0 0 0 0 0 0 0 0 0 0 0 0
0 0 0 0 0 0 0 0 0 0 0 0 0 0 0 0 0 0 0 0 0 0 0 0 0 0 0 0 0 0 0 0 0 0 0 0
0 0 0 0 0 0 0 0 0 0 0 0 0 0 0 0 0 0 0 0 0 0 0 0 0 0 0 0 0 0 0 0 0 0 0 0
##$SHL_EXPANDCF13= (0..143)
0 0 0 0 0 0 0 0 0 0 0 0 0 0 0 0 0 0 0 0 0 0 0 0 0 0 0 0 0 0 0 0 0 0 0 0
0 0 0 0 0 0 0 0 0 0 0 0 0 0 0 0 0 0 0 0 0 0 0 0 0 0 0 0 0 0 0 0 0 0 0 0
0 0 0 0 0 0 0 0 0 0 0 0 0 0 0 0 0 0 0 0 0 0 0 0 0 0 0 0 0 0 0 0 0 0 0 0
0 0 0 0 0 0 0 0 0 0 0 0 0 0 0 0 0 0 0 0 0 0 0 0 0 0 0 0 0 0 0 0 0 0 0 0
##$SHL_EXPANDCF14= (0..143)
0 0 0 0 0 0 0 0 0 0 0 0 0 0 0 0 0 0 0 0 0 0 0 0 0 0 0 0 0 0 0 0 0 0 0 0
0 0 0 0 0 0 0 0 0 0 0 0 0 0 0 0 0 0 0 0 0 0 0 0 0 0 0 0 0 0 0 0 0 0 0 0
0 0 0 0 0 0 0 0 0 0 0 0 0 0 0 0 0 0 0 0 0 0 0 0 0 0 0 0 0 0 0 0 0 0 0 0
0 0 0 0 0 0 0 0 0 0 0 0 0 0 0 0 0 0 0 0 0 0 0 0 0 0 0 0 0 0 0 0 0 0 0 0
##$SHL_EXPANDCF15= (0..143)
0 0 0 0 0 0 0 0 0 0 0 0 0 0 0 0 0 0 0 0 0 0 0 0 0 0 0 0 0 0 0 0 0 0 0 0
0 0 0 0 0 0 0 0 0 0 0 0 0 0 0 0 0 0 0 0 0 0 0 0 0 0 0 0 0 0 0 0 0 0 0 0
0 0 0 0 0 0 0 0 0 0 0 0 0 0 0 0 0 0 0 0 0 0 0 0 0 0 0 0 0 0 0 0 0 0 0 0
0 0 0 0 0 0 0 0 0 0 0 0 0 0 0 0 0 0 0 0 0 0 0 0 0 0 0 0 0 0 0 0 0 0 0 0
##$SHL_EXPANDCF2= (0..143)
0 0 0 0 0 0 0 0 0 0 0 0 0 0 0 0 0 0 0 0 0 0 0 0 0 0 0 0 0 0 0 0 0 0 0 0
0 0 0 0 0 0 0 0 0 0 0 0 0 0 0 0 0 0 0 0 0 0 0 0 0 0 0 0 0 0 0 0 0 0 0 0
0 0 0 0 0 0 0 0 0 0 0 0 0 0 0 0 0 0 0 0 0 0 0 0 0 0 0 0 0 0 0 0 0 0 0 0
0 0 0 0 0 0 0 0 0 0 0 0 0 0 0 0 0 0 0 0 0 0 0 0 0 0 0 0 0 0 0 0 0 0 0 0
##$SHL_EXPANDCF3= (0..143)
0 0 0 0 0 0 0 0 0 0 0 0 0 0 0 0 0 0 0 0 0 0 0 0 0 0 0 0 0 0 0 0 0 0 0 0
0 0 0 0 0 0 0 0 0 0 0 0 0 0 0 0 0 0 0 0 0 0 0 0 0 0 0 0 0 0 0 0 0 0 0 0
0 0 0 0 0 0 0 0 0 0 0 0 0 0 0 0 0 0 0 0 0 0 0 0 0 0 0 0 0 0 0 0 0 0 0 0
0 0 0 0 0 0 0 0 0 0 0 0 0 0 0 0 0 0 0 0 0 0 0 0 0 0 0 0 0 0 0 0 0 0 0 0
##$SHL_EXPANDCF4= (0..143)
0 0 0 0 0 0 0 0 0 0 0 0 0 0 0 0 0 0 0 0 0 0 0 0 0 0 0 0 0 0 0 0 0 0 0 0
0 0 0 0 0 0 0 0 0 0 0 0 0 0 0 0 0 0 0 0 0 0 0 0 0 0 0 0 0 0 0 0 0 0 0 0
0 0 0 0 0 0 0 0 0 0 0 0 0 0 0 0 0 0 0 0 0 0 0 0 0 0 0 0 0 0 0 0 0 0 0 0
0 0 0 0 0 0 0 0 0 0 0 0 0 0 0 0 0 0 0 0 0 0 0 0 0 0 0 0 0 0 0 0 0 0 0 0
##$SHL_EXPANDCF5= (0..143)
0 0 0 0 0 0 0 0 0 0 0 0 0 0 0 0 0 0 0 0 0 0 0 0 0 0 0 0 0 0 0 0 0 0 0 0
0 0 0 0 0 0 0 0 0 0 0 0 0 0 0 0 0 0 0 0 0 0 0 0 0 0 0 0 0 0 0 0 0 0 0 0
0 0 0 0 0 0 0 0 0 0 0 0 0 0 0 0 0 0 0 0 0 0 0 0 0 0 0 0 0 0 0 0 0 0 0 0
0 0 0 0 0 0 0 0 0 0 0 0 0 0 0 0 0 0 0 0 0 0 0 0 0 0 0 0 0 0 0 0 0 0 0 0
##$SHL_EXPANDCF6= (0..143)
0 0 0 0 0 0 0 0 0 0 0 0 0 0 0 0 0 0 0 0 0 0 0 0 0 0 0 0 0 0 0 0 0 0 0 0
0 0 0 0 0 0 0 0 0 0 0 0 0 0 0 0 0 0 0 0 0 0 0 0 0 0 0 0 0 0 0 0 0 0 0 0
0 0 0 0 0 0 0 0 0 0 0 0 0 0 0 0 0 0 0 0 0 0 0 0 0 0 0 0 0 0 0 0 0 0 0 0
0 0 0 0 0 0 0 0 0 0 0 0 0 0 0 0 0 0 0 0 0 0 0 0 0 0 0 0 0 0 0 0 0 0 0 0
##$SHL_EXPANDCF7= (0..143)
0 0 0 0 0 0 0 0 0 0 0 0 0 0 0 0 0 0 0 0 0 0 0 0 0 0 0 0 0 0 0 0 0 0 0 0
0 0 0 0 0 0 0 0 0 0 0 0 0 0 0 0 0 0 0 0 0 0 0 0 0 0 0 0 0 0 0 0 0 0 0 0
0 0 0 0 0 0 0 0 0 0 0 0 0 0 0 0 0 0 0 0 0 0 0 0 0 0 0 0 0 0 0 0 0 0 0 0
0 0 0 0 0 0 0 0 0 0 0 0 0 0 0 0 0 0 0 0 0 0 0 0 0 0 0 0 0 0 0 0 0 0 0 0
##$SHL_EXPANDCF8= (0..143)
0 0 0 0 0 0 0 0 0 0 0 0 0 0 0 0 0 0 0 0 0 0 0 0 0 0 0 0 0 0 0 0 0 0 0 0
0 0 0 0 0 0 0 0 0 0 0 0 0 0 0 0 0 0 0 0 0 0 0 0 0 0 0 0 0 0 0 0 0 0 0 0
0 0 0 0 0 0 0 0 0 0 0 0 0 0 0 0 0 0 0 0 0 0 0 0 0 0 0 0 0 0 0 0 0 0 0 0
0 0 0 0 0 0 0 0 0 0 0 0 0 0 0 0 0 0 0 0 0 0 0 0 0 0 0 0 0 0 0 0 0 0 0 0
##$SHL_EXPANDCF9= (0..143)
0 0 0 0 0 0 0 0 0 0 0 0 0 0 0 0 0 0 0 0 0 0 0 0 0 0 0 0 0 0 0 0 0 0 0 0
0 0 0 0 0 0 0 0 0 0 0 0 0 0 0 0 0 0 0 0 0 0 0 0 0 0 0 0 0 0 0 0 0 0 0 0
0 0 0 0 0 0 0 0 0 0 0 0 0 0 0 0 0 0 0 0 0 0 0 0 0 0 0 0 0 0 0 0 0 0 0 0
0 0 0 0 0 0 0 0 0 0 0 0 0 0 0 0 0 0 0 0 0 0 0 0 0 0 0 0 0 0 0 0 0 0 0 0
##$SHL_EXPFAC= (0..15)
0 0 0 0 0 0 0 0 0 0 0 0 0 0 0 0
##$SHL_FRACEND= (0..15)
0 0 0 0 0 0 0 0 0 0 0 0 0 0 0 0
##$SHL_FRACORG= (0..15)
0 0 0 0 0 0 0 0 0 0 0 0 0 0 0 0
##$SHL_FRACSTART= (0..15)
0 0 0 0 0 0 0 0 0 0 0 0 0 0 0 0
##$SHL_FULLHALF= (0..15)
0 0 0 0 0 0 0 0 0 0 0 0 0 0 0 0
##$SHL_FUNCAMP= (0..15)
0 0 0 0 0 0 0 0 0 0 0 0 0 0 0 0
##$SHL_FUNCTION= (0..15)
<User> <> <> <> <> <> <> <> <> <> <> <> <> <> <> <>
##$SHL_GCO= (0..15)
<> <> <> <> <> <> <> <> <> <> <> <> <> <> <> <>
##$SHL_GCOCOEFFS0= (0..59)
0 0 0 0 0 0 0 0 0 0 0 0 0 0 0 0 0 0 0 0 0 0 0 0 0 0 0 0 0 0 0 0 0 0 0 0
0 0 0 0 0 0 0 0 0 0 0 0 0 0 0 0 0 0 0 0 0 0 0 0
##$SHL_GCOCOEFFS1= (0..59)
0 0 0 0 0 0 0 0 0 0 0 0 0 0 0 0 0 0 0 0 0 0 0 0 0 0 0 0 0 0 0 0 0 0 0 0
0 0 0 0 0 0 0 0 0 0 0 0 0 0 0 0 0 0 0 0 0 0 0 0
##$SHL_GCOCOEFFS10= (0..59)
0 0 0 0 0 0 0 0 0 0 0 0 0 0 0 0 0 0 0 0 0 0 0 0 0 0 0 0 0 0 0 0 0 0 0 0
0 0 0 0 0 0 0 0 0 0 0 0 0 0 0 0 0 0 0 0 0 0 0 0
##$SHL_GCOCOEFFS11= (0..59)
0 0 0 0 0 0 0 0 0 0 0 0 0 0 0 0 0 0 0 0 0 0 0 0 0 0 0 0 0 0 0 0 0 0 0 0
0 0 0 0 0 0 0 0 0 0 0 0 0 0 0 0 0 0 0 0 0 0 0 0
##$SHL_GCOCOEFFS12= (0..59)
0 0 0 0 0 0 0 0 0 0 0 0 0 0 0 0 0 0 0 0 0 0 0 0 0 0 0 0 0 0 0 0 0 0 0 0
0 0 0 0 0 0 0 0 0 0 0 0 0 0 0 0 0 0 0 0 0 0 0 0
##$SHL_GCOCOEFFS13= (0..59)
0 0 0 0 0 0 0 0 0 0 0 0 0 0 0 0 0 0 0 0 0 0 0 0 0 0 0 0 0 0 0 0 0 0 0 0
0 0 0 0 0 0 0 0 0 0 0 0 0 0 0 0 0 0 0 0 0 0 0 0
##$SHL_GCOCOEFFS14= (0..59)
0 0 0 0 0 0 0 0 0 0 0 0 0 0 0 0 0 0 0 0 0 0 0 0 0 0 0 0 0 0 0 0 0 0 0 0
0 0 0 0 0 0 0 0 0 0 0 0 0 0 0 0 0 0 0 0 0 0 0 0
##$SHL_GCOCOEFFS15= (0..59)
0 0 0 0 0 0 0 0 0 0 0 0 0 0 0 0 0 0 0 0 0 0 0 0 0 0 0 0 0 0 0 0 0 0 0 0
0 0 0 0 0 0 0 0 0 0 0 0 0 0 0 0 0 0 0 0 0 0 0 0
##$SHL_GCOCOEFFS2= (0..59)
0 0 0 0 0 0 0 0 0 0 0 0 0 0 0 0 0 0 0 0 0 0 0 0 0 0 0 0 0 0 0 0 0 0 0 0
0 0 0 0 0 0 0 0 0 0 0 0 0 0 0 0 0 0 0 0 0 0 0 0
##$SHL_GCOCOEFFS3= (0..59)
0 0 0 0 0 0 0 0 0 0 0 0 0 0 0 0 0 0 0 0 0 0 0 0 0 0 0 0 0 0 0 0 0 0 0 0
0 0 0 0 0 0 0 0 0 0 0 0 0 0 0 0 0 0 0 0 0 0 0 0
##$SHL_GCOCOEFFS4= (0..59)
0 0 0 0 0 0 0 0 0 0 0 0 0 0 0 0 0 0 0 0 0 0 0 0 0 0 0 0 0 0 0 0 0 0 0 0
0 0 0 0 0 0 0 0 0 0 0 0 0 0 0 0 0 0 0 0 0 0 0 0
##$SHL_GCOCOEFFS5= (0..59)
0 0 0 0 0 0 0 0 0 0 0 0 0 0 0 0 0 0 0 0 0 0 0 0 0 0 0 0 0 0 0 0 0 0 0 0
0 0 0 0 0 0 0 0 0 0 0 0 0 0 0 0 0 0 0 0 0 0 0 0
##$SHL_GCOCOEFFS6= (0..59)
0 0 0 0 0 0 0 0 0 0 0 0 0 0 0 0 0 0 0 0 0 0 0 0 0 0 0 0 0 0 0 0 0 0 0 0
0 0 0 0 0 0 0 0 0 0 0 0 0 0 0 0 0 0 0 0 0 0 0 0
##$SHL_GCOCOEFFS7= (0..59)
0 0 0 0 0 0 0 0 0 0 0 0 0 0 0 0 0 0 0 0 0 0 0 0 0 0 0 0 0 0 0 0 0 0 0 0
0 0 0 0 0 0 0 0 0 0 0 0 0 0 0 0 0 0 0 0 0 0 0 0
##$SHL_GCOCOEFFS8= (0..59)
0 0 0 0 0 0 0 0 0 0 0 0 0 0 0 0 0 0 0 0 0 0 0 0 0 0 0 0 0 0 0 0 0 0 0 0
0 0 0 0 0 0 0 0 0 0 0 0 0 0 0 0 0 0 0 0 0 0 0 0
##$SHL_GCOCOEFFS9= (0..59)
0 0 0 0 0 0 0 0 0 0 0 0 0 0 0 0 0 0 0 0 0 0 0 0 0 0 0 0 0 0 0 0 0 0 0 0
0 0 0 0 0 0 0 0 0 0 0 0 0 0 0 0 0 0 0 0 0 0 0 0
##$SHL_INTEGFAC= (0..15)
0.111879999975704 0 0 0 0 0 0 0 0 0 0 0 0 0 0 0
##$SHL_LB= (0..15)
0 0 0 0 0 0 0 0 0 0 0 0 0 0 0 0
##$SHL_LEFTLIMIT= (0..15)
0 0 0 0 0 0 0 0 0 0 0 0 0 0 0 0
##$SHL_LENGTH= (0..15)
1600 0 0 0 0 0 0 0 0 0 0 0 0 0 0 0
##$SHL_MAN= (0..15)
<> <> <> <> <> <> <> <> <> <> <> <> <> <> <> <>
##$SHL_MEANAMP= (0..15)
0 0 0 0 0 0 0 0 0 0 0 0 0 0 0 0
##$SHL_MODAMP= (0..15)
0 0 0 0 0 0 0 0 0 0 0 0 0 0 0 0
##$SHL_MODE= (0..15)
0 0 0 0 0 0 0 0 0 0 0 0 0 0 0 0
##$SHL_MODFREQ= (0..15)
0 0 0 0 0 0 0 0 0 0 0 0 0 0 0 0
##$SHL_MODPHASE= (0..15)
0 0 0 0 0 0 0 0 0 0 0 0 0 0 0 0
##$SHL_MODSCALE= (0..15)
0 0 0 0 0 0 0 0 0 0 0 0 0 0 0 0
##$SHL_MODSW= (0..15)
0 0 0 0 0 0 0 0 0 0 0 0 0 0 0 0
##$SHL_MODSWDIR= (0..15)
-1 -1 -1 -1 -1 -1 -1 -1 -1 -1 -1 -1 -1 -1 -1 -1
##$SHL_MU= (0..15)
0 0 0 0 0 0 0 0 0 0 0 0 0 0 0 0
##$SHL_NPOINTS= (0..15)
1600 0 0 0 0 0 0 0 0 0 0 0 0 0 0 0
##$SHL_OFFS= (0..15)
<> <> <> <> <> <> <> <> <> <> <> <> <> <> <> <>
##$SHL_OFFSCOEFF0= (0..95)
0 0 0 0 0 0 0 0 0 0 0 0 0 0 0 0 0 0 0 0 0 0 0 0 0 0 0 0 0 0 0 0 0 0 0 0
0 0 0 0 0 0 0 0 0 0 0 0 0 0 0 0 0 0 0 0 0 0 0 0 0 0 0 0 0 0 0 0 0 0 0 0
0 0 0 0 0 0 0 0 0 0 0 0 0 0 0 0 0 0 0 0 0 0 0 0
##$SHL_OFFSCOEFF1= (0..95)
0 0 0 0 0 0 0 0 0 0 0 0 0 0 0 0 0 0 0 0 0 0 0 0 0 0 0 0 0 0 0 0 0 0 0 0
0 0 0 0 0 0 0 0 0 0 0 0 0 0 0 0 0 0 0 0 0 0 0 0 0 0 0 0 0 0 0 0 0 0 0 0
0 0 0 0 0 0 0 0 0 0 0 0 0 0 0 0 0 0 0 0 0 0 0 0
##$SHL_OFFSCOEFF10= (0..95)
0 0 0 0 0 0 0 0 0 0 0 0 0 0 0 0 0 0 0 0 0 0 0 0 0 0 0 0 0 0 0 0 0 0 0 0
0 0 0 0 0 0 0 0 0 0 0 0 0 0 0 0 0 0 0 0 0 0 0 0 0 0 0 0 0 0 0 0 0 0 0 0
0 0 0 0 0 0 0 0 0 0 0 0 0 0 0 0 0 0 0 0 0 0 0 0
##$SHL_OFFSCOEFF11= (0..95)
0 0 0 0 0 0 0 0 0 0 0 0 0 0 0 0 0 0 0 0 0 0 0 0 0 0 0 0 0 0 0 0 0 0 0 0
0 0 0 0 0 0 0 0 0 0 0 0 0 0 0 0 0 0 0 0 0 0 0 0 0 0 0 0 0 0 0 0 0 0 0 0
0 0 0 0 0 0 0 0 0 0 0 0 0 0 0 0 0 0 0 0 0 0 0 0
##$SHL_OFFSCOEFF12= (0..95)
0 0 0 0 0 0 0 0 0 0 0 0 0 0 0 0 0 0 0 0 0 0 0 0 0 0 0 0 0 0 0 0 0 0 0 0
0 0 0 0 0 0 0 0 0 0 0 0 0 0 0 0 0 0 0 0 0 0 0 0 0 0 0 0 0 0 0 0 0 0 0 0
0 0 0 0 0 0 0 0 0 0 0 0 0 0 0 0 0 0 0 0 0 0 0 0
##$SHL_OFFSCOEFF13= (0..95)
0 0 0 0 0 0 0 0 0 0 0 0 0 0 0 0 0 0 0 0 0 0 0 0 0 0 0 0 0 0 0 0 0 0 0 0
0 0 0 0 0 0 0 0 0 0 0 0 0 0 0 0 0 0 0 0 0 0 0 0 0 0 0 0 0 0 0 0 0 0 0 0
0 0 0 0 0 0 0 0 0 0 0 0 0 0 0 0 0 0 0 0 0 0 0 0
##$SHL_OFFSCOEFF14= (0..95)
0 0 0 0 0 0 0 0 0 0 0 0 0 0 0 0 0 0 0 0 0 0 0 0 0 0 0 0 0 0 0 0 0 0 0 0
0 0 0 0 0 0 0 0 0 0 0 0 0 0 0 0 0 0 0 0 0 0 0 0 0 0 0 0 0 0 0 0 0 0 0 0
0 0 0 0 0 0 0 0 0 0 0 0 0 0 0 0 0 0 0 0 0 0 0 0
##$SHL_OFFSCOEFF15= (0..95)
0 0 0 0 0 0 0 0 0 0 0 0 0 0 0 0 0 0 0 0 0 0 0 0 0 0 0 0 0 0 0 0 0 0 0 0
0 0 0 0 0 0 0 0 0 0 0 0 0 0 0 0 0 0 0 0 0 0 0 0 0 0 0 0 0 0 0 0 0 0 0 0
0 0 0 0 0 0 0 0 0 0 0 0 0 0 0 0 0 0 0 0 0 0 0 0
##$SHL_OFFSCOEFF2= (0..95)
0 0 0 0 0 0 0 0 0 0 0 0 0 0 0 0 0 0 0 0 0 0 0 0 0 0 0 0 0 0 0 0 0 0 0 0
0 0 0 0 0 0 0 0 0 0 0 0 0 0 0 0 0 0 0 0 0 0 0 0 0 0 0 0 0 0 0 0 0 0 0 0
0 0 0 0 0 0 0 0 0 0 0 0 0 0 0 0 0 0 0 0 0 0 0 0
##$SHL_OFFSCOEFF3= (0..95)
0 0 0 0 0 0 0 0 0 0 0 0 0 0 0 0 0 0 0 0 0 0 0 0 0 0 0 0 0 0 0 0 0 0 0 0
0 0 0 0 0 0 0 0 0 0 0 0 0 0 0 0 0 0 0 0 0 0 0 0 0 0 0 0 0 0 0 0 0 0 0 0
0 0 0 0 0 0 0 0 0 0 0 0 0 0 0 0 0 0 0 0 0 0 0 0
##$SHL_OFFSCOEFF4= (0..95)
0 0 0 0 0 0 0 0 0 0 0 0 0 0 0 0 0 0 0 0 0 0 0 0 0 0 0 0 0 0 0 0 0 0 0 0
0 0 0 0 0 0 0 0 0 0 0 0 0 0 0 0 0 0 0 0 0 0 0 0 0 0 0 0 0 0 0 0 0 0 0 0
0 0 0 0 0 0 0 0 0 0 0 0 0 0 0 0 0 0 0 0 0 0 0 0
##$SHL_OFFSCOEFF5= (0..95)
0 0 0 0 0 0 0 0 0 0 0 0 0 0 0 0 0 0 0 0 0 0 0 0 0 0 0 0 0 0 0 0 0 0 0 0
0 0 0 0 0 0 0 0 0 0 0 0 0 0 0 0 0 0 0 0 0 0 0 0 0 0 0 0 0 0 0 0 0 0 0 0
0 0 0 0 0 0 0 0 0 0 0 0 0 0 0 0 0 0 0 0 0 0 0 0
##$SHL_OFFSCOEFF6= (0..95)
0 0 0 0 0 0 0 0 0 0 0 0 0 0 0 0 0 0 0 0 0 0 0 0 0 0 0 0 0 0 0 0 0 0 0 0
0 0 0 0 0 0 0 0 0 0 0 0 0 0 0 0 0 0 0 0 0 0 0 0 0 0 0 0 0 0 0 0 0 0 0 0
0 0 0 0 0 0 0 0 0 0 0 0 0 0 0 0 0 0 0 0 0 0 0 0
##$SHL_OFFSCOEFF7= (0..95)
0 0 0 0 0 0 0 0 0 0 0 0 0 0 0 0 0 0 0 0 0 0 0 0 0 0 0 0 0 0 0 0 0 0 0 0
0 0 0 0 0 0 0 0 0 0 0 0 0 0 0 0 0 0 0 0 0 0 0 0 0 0 0 0 0 0 0 0 0 0 0 0
0 0 0 0 0 0 0 0 0 0 0 0 0 0 0 0 0 0 0 0 0 0 0 0
##$SHL_OFFSCOEFF8= (0..95)
0 0 0 0 0 0 0 0 0 0 0 0 0 0 0 0 0 0 0 0 0 0 0 0 0 0 0 0 0 0 0 0 0 0 0 0
0 0 0 0 0 0 0 0 0 0 0 0 0 0 0 0 0 0 0 0 0 0 0 0 0 0 0 0 0 0 0 0 0 0 0 0
0 0 0 0 0 0 0 0 0 0 0 0 0 0 0 0 0 0 0 0 0 0 0 0
##$SHL_OFFSCOEFF9= (0..95)
0 0 0 0 0 0 0 0 0 0 0 0 0 0 0 0 0 0 0 0 0 0 0 0 0 0 0 0 0 0 0 0 0 0 0 0
0 0 0 0 0 0 0 0 0 0 0 0 0 0 0 0 0 0 0 0 0 0 0 0 0 0 0 0 0 0 0 0 0 0 0 0
0 0 0 0 0 0 0 0 0 0 0 0 0 0 0 0 0 0 0 0 0 0 0 0
##$SHL_PHASE= (0..15)
0 0 0 0 0 0 0 0 0 0 0 0 0 0 0 0
##$SHL_PHASEFAC= (0..15)
0 0 0 0 0 0 0 0 0 0 0 0 0 0 0 0
##$SHL_POWERINDEX= (0..15)
0 0 0 0 0 0 0 0 0 0 0 0 0 0 0 0
##$SHL_QUADCOEFF= (0..15)
0 0 0 0 0 0 0 0 0 0 0 0 0 0 0 0
##$SHL_RIGHTLIMIT= (0..15)
0 0 0 0 0 0 0 0 0 0 0 0 0 0 0 0
##$SHL_SCALEFACTOR= (0..15)
1 1 1 1 1 1 1 1 1 1 1 1 1 1 1 1
##$SHL_SF= (0..15)
<> <> <> <> <> <> <> <> <> <> <> <> <> <> <> <>
##$SHL_SFCOEFFS0= (0..200)
0 0 0 0 0 0 0 0 0 0 0 0 0 0 0 0 0 0 0 0 0 0 0 0 0 0 0 0 0 0 0 0 0 0 0 0
0 0 0 0 0 0 0 0 0 0 0 0 0 0 0 0 0 0 0 0 0 0 0 0 0 0 0 0 0 0 0 0 0 0 0 0
0 0 0 0 0 0 0 0 0 0 0 0 0 0 0 0 0 0 0 0 0 0 0 0 0 0 0 0 0 0 0 0 0 0 0 0
0 0 0 0 0 0 0 0 0 0 0 0 0 0 0 0 0 0 0 0 0 0 0 0 0 0 0 0 0 0 0 0 0 0 0 0
0 0 0 0 0 0 0 0 0 0 0 0 0 0 0 0 0 0 0 0 0 0 0 0 0 0 0 0 0 0 0 0 0 0 0 0
0 0 0 0 0 0 0 0 0 0 0 0 0 0 0 0 0 0 0 0 0
##$SHL_SFCOEFFS1= (0..200)
0 0 0 0 0 0 0 0 0 0 0 0 0 0 0 0 0 0 0 0 0 0 0 0 0 0 0 0 0 0 0 0 0 0 0 0
0 0 0 0 0 0 0 0 0 0 0 0 0 0 0 0 0 0 0 0 0 0 0 0 0 0 0 0 0 0 0 0 0 0 0 0
0 0 0 0 0 0 0 0 0 0 0 0 0 0 0 0 0 0 0 0 0 0 0 0 0 0 0 0 0 0 0 0 0 0 0 0
0 0 0 0 0 0 0 0 0 0 0 0 0 0 0 0 0 0 0 0 0 0 0 0 0 0 0 0 0 0 0 0 0 0 0 0
0 0 0 0 0 0 0 0 0 0 0 0 0 0 0 0 0 0 0 0 0 0 0 0 0 0 0 0 0 0 0 0 0 0 0 0
0 0 0 0 0 0 0 0 0 0 0 0 0 0 0 0 0 0 0 0 0
##$SHL_SFCOEFFS10= (0..200)
0 0 0 0 0 0 0 0 0 0 0 0 0 0 0 0 0 0 0 0 0 0 0 0 0 0 0 0 0 0 0 0 0 0 0 0
0 0 0 0 0 0 0 0 0 0 0 0 0 0 0 0 0 0 0 0 0 0 0 0 0 0 0 0 0 0 0 0 0 0 0 0
0 0 0 0 0 0 0 0 0 0 0 0 0 0 0 0 0 0 0 0 0 0 0 0 0 0 0 0 0 0 0 0 0 0 0 0
0 0 0 0 0 0 0 0 0 0 0 0 0 0 0 0 0 0 0 0 0 0 0 0 0 0 0 0 0 0 0 0 0 0 0 0
0 0 0 0 0 0 0 0 0 0 0 0 0 0 0 0 0 0 0 0 0 0 0 0 0 0 0 0 0 0 0 0 0 0 0 0
0 0 0 0 0 0 0 0 0 0 0 0 0 0 0 0 0 0 0 0 0
##$SHL_SFCOEFFS11= (0..200)
0 0 0 0 0 0 0 0 0 0 0 0 0 0 0 0 0 0 0 0 0 0 0 0 0 0 0 0 0 0 0 0 0 0 0 0
0 0 0 0 0 0 0 0 0 0 0 0 0 0 0 0 0 0 0 0 0 0 0 0 0 0 0 0 0 0 0 0 0 0 0 0
0 0 0 0 0 0 0 0 0 0 0 0 0 0 0 0 0 0 0 0 0 0 0 0 0 0 0 0 0 0 0 0 0 0 0 0
0 0 0 0 0 0 0 0 0 0 0 0 0 0 0 0 0 0 0 0 0 0 0 0 0 0 0 0 0 0 0 0 0 0 0 0
0 0 0 0 0 0 0 0 0 0 0 0 0 0 0 0 0 0 0 0 0 0 0 0 0 0 0 0 0 0 0 0 0 0 0 0
0 0 0 0 0 0 0 0 0 0 0 0 0 0 0 0 0 0 0 0 0
##$SHL_SFCOEFFS12= (0..200)
0 0 0 0 0 0 0 0 0 0 0 0 0 0 0 0 0 0 0 0 0 0 0 0 0 0 0 0 0 0 0 0 0 0 0 0
0 0 0 0 0 0 0 0 0 0 0 0 0 0 0 0 0 0 0 0 0 0 0 0 0 0 0 0 0 0 0 0 0 0 0 0
0 0 0 0 0 0 0 0 0 0 0 0 0 0 0 0 0 0 0 0 0 0 0 0 0 0 0 0 0 0 0 0 0 0 0 0
0 0 0 0 0 0 0 0 0 0 0 0 0 0 0 0 0 0 0 0 0 0 0 0 0 0 0 0 0 0 0 0 0 0 0 0
0 0 0 0 0 0 0 0 0 0 0 0 0 0 0 0 0 0 0 0 0 0 0 0 0 0 0 0 0 0 0 0 0 0 0 0
0 0 0 0 0 0 0 0 0 0 0 0 0 0 0 0 0 0 0 0 0
##$SHL_SFCOEFFS13= (0..200)
0 0 0 0 0 0 0 0 0 0 0 0 0 0 0 0 0 0 0 0 0 0 0 0 0 0 0 0 0 0 0 0 0 0 0 0
0 0 0 0 0 0 0 0 0 0 0 0 0 0 0 0 0 0 0 0 0 0 0 0 0 0 0 0 0 0 0 0 0 0 0 0
0 0 0 0 0 0 0 0 0 0 0 0 0 0 0 0 0 0 0 0 0 0 0 0 0 0 0 0 0 0 0 0 0 0 0 0
0 0 0 0 0 0 0 0 0 0 0 0 0 0 0 0 0 0 0 0 0 0 0 0 0 0 0 0 0 0 0 0 0 0 0 0
0 0 0 0 0 0 0 0 0 0 0 0 0 0 0 0 0 0 0 0 0 0 0 0 0 0 0 0 0 0 0 0 0 0 0 0
0 0 0 0 0 0 0 0 0 0 0 0 0 0 0 0 0 0 0 0 0
##$SHL_SFCOEFFS14= (0..200)
0 0 0 0 0 0 0 0 0 0 0 0 0 0 0 0 0 0 0 0 0 0 0 0 0 0 0 0 0 0 0 0 0 0 0 0
0 0 0 0 0 0 0 0 0 0 0 0 0 0 0 0 0 0 0 0 0 0 0 0 0 0 0 0 0 0 0 0 0 0 0 0
0 0 0 0 0 0 0 0 0 0 0 0 0 0 0 0 0 0 0 0 0 0 0 0 0 0 0 0 0 0 0 0 0 0 0 0
0 0 0 0 0 0 0 0 0 0 0 0 0 0 0 0 0 0 0 0 0 0 0 0 0 0 0 0 0 0 0 0 0 0 0 0
0 0 0 0 0 0 0 0 0 0 0 0 0 0 0 0 0 0 0 0 0 0 0 0 0 0 0 0 0 0 0 0 0 0 0 0
0 0 0 0 0 0 0 0 0 0 0 0 0 0 0 0 0 0 0 0 0
##$SHL_SFCOEFFS15= (0..200)
0 0 0 0 0 0 0 0 0 0 0 0 0 0 0 0 0 0 0 0 0 0 0 0 0 0 0 0 0 0 0 0 0 0 0 0
0 0 0 0 0 0 0 0 0 0 0 0 0 0 0 0 0 0 0 0 0 0 0 0 0 0 0 0 0 0 0 0 0 0 0 0
0 0 0 0 0 0 0 0 0 0 0 0 0 0 0 0 0 0 0 0 0 0 0 0 0 0 0 0 0 0 0 0 0 0 0 0
0 0 0 0 0 0 0 0 0 0 0 0 0 0 0 0 0 0 0 0 0 0 0 0 0 0 0 0 0 0 0 0 0 0 0 0
0 0 0 0 0 0 0 0 0 0 0 0 0 0 0 0 0 0 0 0 0 0 0 0 0 0 0 0 0 0 0 0 0 0 0 0
0 0 0 0 0 0 0 0 0 0 0 0 0 0 0 0 0 0 0 0 0
##$SHL_SFCOEFFS2= (0..200)
0 0 0 0 0 0 0 0 0 0 0 0 0 0 0 0 0 0 0 0 0 0 0 0 0 0 0 0 0 0 0 0 0 0 0 0
0 0 0 0 0 0 0 0 0 0 0 0 0 0 0 0 0 0 0 0 0 0 0 0 0 0 0 0 0 0 0 0 0 0 0 0
0 0 0 0 0 0 0 0 0 0 0 0 0 0 0 0 0 0 0 0 0 0 0 0 0 0 0 0 0 0 0 0 0 0 0 0
0 0 0 0 0 0 0 0 0 0 0 0 0 0 0 0 0 0 0 0 0 0 0 0 0 0 0 0 0 0 0 0 0 0 0 0
0 0 0 0 0 0 0 0 0 0 0 0 0 0 0 0 0 0 0 0 0 0 0 0 0 0 0 0 0 0 0 0 0 0 0 0
0 0 0 0 0 0 0 0 0 0 0 0 0 0 0 0 0 0 0 0 0
##$SHL_SFCOEFFS3= (0..200)
0 0 0 0 0 0 0 0 0 0 0 0 0 0 0 0 0 0 0 0 0 0 0 0 0 0 0 0 0 0 0 0 0 0 0 0
0 0 0 0 0 0 0 0 0 0 0 0 0 0 0 0 0 0 0 0 0 0 0 0 0 0 0 0 0 0 0 0 0 0 0 0
0 0 0 0 0 0 0 0 0 0 0 0 0 0 0 0 0 0 0 0 0 0 0 0 0 0 0 0 0 0 0 0 0 0 0 0
0 0 0 0 0 0 0 0 0 0 0 0 0 0 0 0 0 0 0 0 0 0 0 0 0 0 0 0 0 0 0 0 0 0 0 0
0 0 0 0 0 0 0 0 0 0 0 0 0 0 0 0 0 0 0 0 0 0 0 0 0 0 0 0 0 0 0 0 0 0 0 0
0 0 0 0 0 0 0 0 0 0 0 0 0 0 0 0 0 0 0 0 0
##$SHL_SFCOEFFS4= (0..200)
0 0 0 0 0 0 0 0 0 0 0 0 0 0 0 0 0 0 0 0 0 0 0 0 0 0 0 0 0 0 0 0 0 0 0 0
0 0 0 0 0 0 0 0 0 0 0 0 0 0 0 0 0 0 0 0 0 0 0 0 0 0 0 0 0 0 0 0 0 0 0 0
0 0 0 0 0 0 0 0 0 0 0 0 0 0 0 0 0 0 0 0 0 0 0 0 0 0 0 0 0 0 0 0 0 0 0 0
0 0 0 0 0 0 0 0 0 0 0 0 0 0 0 0 0 0 0 0 0 0 0 0 0 0 0 0 0 0 0 0 0 0 0 0
0 0 0 0 0 0 0 0 0 0 0 0 0 0 0 0 0 0 0 0 0 0 0 0 0 0 0 0 0 0 0 0 0 0 0 0
0 0 0 0 0 0 0 0 0 0 0 0 0 0 0 0 0 0 0 0 0
##$SHL_SFCOEFFS5= (0..200)
0 0 0 0 0 0 0 0 0 0 0 0 0 0 0 0 0 0 0 0 0 0 0 0 0 0 0 0 0 0 0 0 0 0 0 0
0 0 0 0 0 0 0 0 0 0 0 0 0 0 0 0 0 0 0 0 0 0 0 0 0 0 0 0 0 0 0 0 0 0 0 0
0 0 0 0 0 0 0 0 0 0 0 0 0 0 0 0 0 0 0 0 0 0 0 0 0 0 0 0 0 0 0 0 0 0 0 0
0 0 0 0 0 0 0 0 0 0 0 0 0 0 0 0 0 0 0 0 0 0 0 0 0 0 0 0 0 0 0 0 0 0 0 0
0 0 0 0 0 0 0 0 0 0 0 0 0 0 0 0 0 0 0 0 0 0 0 0 0 0 0 0 0 0 0 0 0 0 0 0
0 0 0 0 0 0 0 0 0 0 0 0 0 0 0 0 0 0 0 0 0
##$SHL_SFCOEFFS6= (0..200)
0 0 0 0 0 0 0 0 0 0 0 0 0 0 0 0 0 0 0 0 0 0 0 0 0 0 0 0 0 0 0 0 0 0 0 0
0 0 0 0 0 0 0 0 0 0 0 0 0 0 0 0 0 0 0 0 0 0 0 0 0 0 0 0 0 0 0 0 0 0 0 0
0 0 0 0 0 0 0 0 0 0 0 0 0 0 0 0 0 0 0 0 0 0 0 0 0 0 0 0 0 0 0 0 0 0 0 0
0 0 0 0 0 0 0 0 0 0 0 0 0 0 0 0 0 0 0 0 0 0 0 0 0 0 0 0 0 0 0 0 0 0 0 0
0 0 0 0 0 0 0 0 0 0 0 0 0 0 0 0 0 0 0 0 0 0 0 0 0 0 0 0 0 0 0 0 0 0 0 0
0 0 0 0 0 0 0 0 0 0 0 0 0 0 0 0 0 0 0 0 0
##$SHL_SFCOEFFS7= (0..200)
0 0 0 0 0 0 0 0 0 0 0 0 0 0 0 0 0 0 0 0 0 0 0 0 0 0 0 0 0 0 0 0 0 0 0 0
0 0 0 0 0 0 0 0 0 0 0 0 0 0 0 0 0 0 0 0 0 0 0 0 0 0 0 0 0 0 0 0 0 0 0 0
0 0 0 0 0 0 0 0 0 0 0 0 0 0 0 0 0 0 0 0 0 0 0 0 0 0 0 0 0 0 0 0 0 0 0 0
0 0 0 0 0 0 0 0 0 0 0 0 0 0 0 0 0 0 0 0 0 0 0 0 0 0 0 0 0 0 0 0 0 0 0 0
0 0 0 0 0 0 0 0 0 0 0 0 0 0 0 0 0 0 0 0 0 0 0 0 0 0 0 0 0 0 0 0 0 0 0 0
0 0 0 0 0 0 0 0 0 0 0 0 0 0 0 0 0 0 0 0 0
##$SHL_SFCOEFFS8= (0..200)
0 0 0 0 0 0 0 0 0 0 0 0 0 0 0 0 0 0 0 0 0 0 0 0 0 0 0 0 0 0 0 0 0 0 0 0
0 0 0 0 0 0 0 0 0 0 0 0 0 0 0 0 0 0 0 0 0 0 0 0 0 0 0 0 0 0 0 0 0 0 0 0
0 0 0 0 0 0 0 0 0 0 0 0 0 0 0 0 0 0 0 0 0 0 0 0 0 0 0 0 0 0 0 0 0 0 0 0
0 0 0 0 0 0 0 0 0 0 0 0 0 0 0 0 0 0 0 0 0 0 0 0 0 0 0 0 0 0 0 0 0 0 0 0
0 0 0 0 0 0 0 0 0 0 0 0 0 0 0 0 0 0 0 0 0 0 0 0 0 0 0 0 0 0 0 0 0 0 0 0
0 0 0 0 0 0 0 0 0 0 0 0 0 0 0 0 0 0 0 0 0
##$SHL_SFCOEFFS9= (0..200)
0 0 0 0 0 0 0 0 0 0 0 0 0 0 0 0 0 0 0 0 0 0 0 0 0 0 0 0 0 0 0 0 0 0 0 0
0 0 0 0 0 0 0 0 0 0 0 0 0 0 0 0 0 0 0 0 0 0 0 0 0 0 0 0 0 0 0 0 0 0 0 0
0 0 0 0 0 0 0 0 0 0 0 0 0 0 0 0 0 0 0 0 0 0 0 0 0 0 0 0 0 0 0 0 0 0 0 0
0 0 0 0 0 0 0 0 0 0 0 0 0 0 0 0 0 0 0 0 0 0 0 0 0 0 0 0 0 0 0 0 0 0 0 0
0 0 0 0 0 0 0 0 0 0 0 0 0 0 0 0 0 0 0 0 0 0 0 0 0 0 0 0 0 0 0 0 0 0 0 0
0 0 0 0 0 0 0 0 0 0 0 0 0 0 0 0 0 0 0 0 0
##$SHL_SMOOTHED= (0..15)
0 0 0 0 0 0 0 0 0 0 0 0 0 0 0 0
##$SHL_SMOOTHING= (0..15)
0 0 0 0 0 0 0 0 0 0 0 0 0 0 0 0
##$SHL_SPOAL= (0..15)
0 0 0 0 0 0 0 0 0 0 0 0 0 0 0 0
##$SHL_SPOFFS= (0..15)
0 0 0 0 0 0 0 0 0 0 0 0 0 0 0 0
##$SHL_SPOPH= (0..15)
0 0 0 0 0 0 0 0 0 0 0 0 0 0 0 0
##$SHL_STARTAMP= (0..15)
0 0 0 0 0 0 0 0 0 0 0 0 0 0 0 0
##$SHL_SW= (0..15)
0 0 0 0 0 0 0 0 0 0 0 0 0 0 0 0
##$SHL_SWDIR= (0..15)
-1 -1 -1 -1 -1 -1 -1 -1 -1 -1 -1 -1 -1 -1 -1 -1
##$SHL_TANKAPPA= (0..15)
0 0 0 0 0 0 0 0 0 0 0 0 0 0 0 0
##$SHL_TOTROT= (0..15)
90 0 0 0 0 0 0 0 0 0 0 0 0 0 0 0
##$SHL_TRUNCLEV= (0..15)
0 0 0 0 0 0 0 0 0 0 0 0 0 0 0 0
##$SHL_TYPE= (0..15)
<Excitation> <> <> <> <> <> <> <> <> <> <> <> <> <> <> <>
##$SHL_WINDOWSIZE= (0..15)
0 0 0 0 0 0 0 0 0 0 0 0 0 0 0 0
##$SHL_ZETA= (0..15)
0 0 0 0 0 0 0 0 0 0 0 0 0 0 0 0
##NPOINTS= 1600
##XYPOINTS= (XY..XY)
0.015420, 351.005625
0.061666, 342.022500
0.138696, 333.050625
0.246438, 324.090000
0.384795, 315.140625
0.553640, 306.202500
0.752817, 297.275625
0.982146, 288.360000
1.241417, 279.455625
1.530393, 270.562500
1.848813, 261.680625
2.196387, 252.810000
2.572800, 243.950625
2.977713, 235.102500
3.410761, 226.265625
3.871554, 217.440000
4.359681, 208.625625
4.874706, 199.822500
5.416170, 191.030625
5.983594, 182.250000
6.576477, 173.480625
7.194298, 164.722500
7.836517, 155.975625
8.502573, 147.240000
9.191890, 138.515625
9.903873, 129.802500
10.637912, 121.100625
11.393380, 112.410000
12.169636, 103.730625
12.966027, 95.062500
13.781885, 86.405625
14.616532, 77.760000
15.469277, 69.125625
16.339421, 60.502500
17.226256, 51.890625
18.129065, 43.290000
19.047124, 34.700625
19.979703, 26.122500
20.926067, 17.555625
21.885477, 9.000000
22.857191, 0.455625
23.840463, 351.922500
24.834546, 343.400625
25.838695, 334.890000
26.852163, 326.390625
27.874205, 317.902500
28.904077, 309.425625
29.941040, 300.960000
30.984359, 292.505625
32.033301, 284.062500
33.087143, 275.630625
34.145163, 267.210000
35.206652, 258.800625
36.270903, 250.402500
37.337223, 242.015625
38.404925, 233.640000
39.473333, 225.275625
40.541781, 216.922500
41.609616, 208.580625
42.676196, 200.250000
43.740891, 191.930625
44.803084, 183.622500
45.862173, 175.325625
46.917568, 167.040000
47.968695, 158.765625
49.014995, 150.502500
50.055922, 142.250625
51.090949, 134.010000
52.119563, 125.780625
53.141267, 117.562500
54.155581, 109.355625
55.162043, 101.160000
56.160207, 92.975625
57.149644, 84.802500
58.129942, 76.640625
59.100707, 68.490000
60.061563, 60.350625
61.012152, 52.222500
61.952132, 44.105625
62.881180, 36.000000
63.798989, 27.905625
64.705272, 19.822500
65.599758, 11.750625
66.482194, 3.690000
67.352343, 355.640625
68.209987, 347.602500
69.054925, 339.575625
69.886971, 331.560000
70.705956, 323.555625
71.511729, 315.562500
72.304155, 307.580625
73.083112, 299.610000
73.848497, 291.650625
74.600220, 283.702500
75.338208, 275.765625
76.062401, 267.840000
76.772754, 259.925625
77.469235, 252.022500
78.151828, 244.130625
78.820527, 236.250000
79.475342, 228.380625
80.116292, 220.522500
80.743412, 212.675625
81.356745, 204.840000
81.956349, 197.015625
82.542288, 189.202500
83.114641, 181.400625
83.673495, 173.610000
84.218946, 165.830625
84.751101, 158.062500
85.270073, 150.305625
85.775986, 142.560000
86.268969, 134.825625
86.749163, 127.102500
87.216711, 119.390625
87.671765, 111.690000
88.114485, 104.000625
88.545032, 96.322500
88.963577, 88.655625
89.370294, 81.000000
89.765361, 73.355625
90.148963, 65.722500
90.521285, 58.100625
90.882518, 50.490000
91.232856, 42.890625
91.572495, 35.302500
91.901634, 27.725625
92.220474, 20.160000
92.529217, 12.605625
92.828068, 5.062500
93.117231, 357.530625
93.396914, 350.010000
93.667323, 342.500625
93.928665, 335.002500
94.181146, 327.515625
94.424975, 320.040000
94.660356, 312.575625
94.887497, 305.122500
95.106601, 297.680625
95.317873, 290.250000
95.521515, 282.830625
95.717727, 275.422500
95.906709, 268.025625
96.088657, 260.640000
96.263768, 253.265625
96.432234, 245.902500
96.594246, 238.550625
96.749992, 231.210000
96.899657, 223.880625
97.043425, 216.562500
97.181476, 209.255625
97.313987, 201.960000
97.441131, 194.675625
97.563082, 187.402500
97.680005, 180.140625
97.792067, 172.890000
97.899429, 165.650625
98.002249, 158.422500
98.100682, 151.205625
98.194880, 144.000000
98.284991, 136.805625
98.371160, 129.622500
98.453529, 122.450625
98.532234, 115.290000
98.607412, 108.140625
98.679192, 101.002500
98.747703, 93.875625
98.813068, 86.760000
98.875410, 79.655625
98.934844, 72.562500
98.991486, 65.480625
99.045446, 58.410000
99.096833, 51.350625
99.145749, 44.302500
99.192296, 37.265625
99.236573, 30.240000
99.278674, 23.225625
99.318691, 16.222500
99.356713, 9.230625
99.392826, 2.250000
99.427112, 355.280625
99.459651, 348.322500
99.490521, 341.375625
99.519797, 334.440000
99.547550, 327.515625
99.573850, 320.602500
99.598762, 313.700625
99.622352, 306.810000
99.644682, 299.930625
99.665809, 293.062500
99.685792, 286.205625
99.704686, 279.360000
99.722542, 272.525625
99.739412, 265.702500
99.755343, 258.890625
99.770383, 252.090000
99.784576, 245.300625
99.797964, 238.522500
99.810588, 231.755625
99.822488, 225.000000
99.833700, 218.255625
99.844260, 211.522500
99.854203, 204.800625
99.863560, 198.090000
99.872363, 191.390625
99.880642, 184.702500
99.888425, 178.025625
99.895738, 171.360000
99.902607, 164.705625
99.909058, 158.062500
99.915112, 151.430625
99.920792, 144.810000
99.926120, 138.200625
99.931114, 131.602500
99.935795, 125.015625
99.940180, 118.440000
99.944286, 111.875625
99.948130, 105.322500
99.951726, 98.780625
99.955090, 92.250000
99.958235, 85.730625
99.961174, 79.222500
99.963920, 72.725625
99.966484, 66.240000
99.968878, 59.765625
99.971112, 53.302500
99.973196, 46.850625
99.975138, 40.410000
99.976949, 33.980625
99.978636, 27.562500
99.980207, 21.155625
99.981670, 14.760000
99.983030, 8.375625
99.984296, 2.002500
99.985473, 355.640625
99.986567, 349.290000
99.987584, 342.950625
99.988528, 336.622500
99.989404, 330.305625
99.990217, 324.000000
99.990971, 317.705625
99.991671, 311.422500
99.992319, 305.150625
99.992919, 298.890000
99.993475, 292.640625
99.993990, 286.402500
99.994466, 280.175625
99.994907, 273.960000
99.995314, 267.755625
99.995691, 261.562500
99.996039, 255.380625
99.996360, 249.210000
99.996656, 243.050625
99.996930, 236.902500
99.997182, 230.765625
99.997415, 224.640000
99.997629, 218.525625
99.997827, 212.422500
99.998008, 206.330625
99.998176, 200.250000
99.998330, 194.180625
99.998471, 188.122500
99.998601, 182.075625
99.998721, 176.040000
99.998831, 170.015625
99.998932, 164.002500
99.999024, 158.000625
99.999109, 152.010000
99.999187, 146.030625
99.999258, 140.062500
99.999324, 134.105625
99.999384, 128.160000
99.999438, 122.225625
99.999489, 116.302500
99.999534, 110.390625
99.999576, 104.490000
99.999615, 98.600625
99.999650, 92.722500
99.999682, 86.855625
99.999711, 81.000000
99.999737, 75.155625
99.999762, 69.322500
99.999784, 63.500625
99.999804, 57.690000
99.999822, 51.890625
99.999839, 46.102500
99.999854, 40.325625
99.999868, 34.560000
99.999880, 28.805625
99.999892, 23.062500
99.999902, 17.330625
99.999912, 11.610000
99.999920, 5.900625
99.999928, 0.202500
99.999935, 354.515625
99.999941, 348.840000
99.999947, 343.175625
99.999952, 337.522500
99.999957, 331.880625
99.999961, 326.250000
99.999965, 320.630625
99.999969, 315.022500
99.999972, 309.425625
99.999975, 303.840000
99.999977, 298.265625
99.999980, 292.702500
99.999982, 287.150625
99.999984, 281.610000
99.999985, 276.080625
99.999987, 270.562500
99.999988, 265.055625
99.999989, 259.560000
99.999990, 254.075625
99.999991, 248.602500
99.999992, 243.140625
99.999993, 237.690000
99.999994, 232.250625
99.999995, 226.822500
99.999995, 221.405625
99.999996, 216.000000
99.999996, 210.605625
99.999997, 205.222500
99.999997, 199.850625
99.999997, 194.490000
99.999998, 189.140625
99.999998, 183.802500
99.999998, 178.475625
99.999998, 173.160000
99.999998, 167.855625
99.999999, 162.562500
99.999999, 157.280625
99.999999, 152.010000
99.999999, 146.750625
99.999999, 141.502500
99.999999, 136.265625
99.999999, 131.040000
99.999999, 125.825625
99.999999, 120.622500
100.000000, 115.430625
100.000000, 110.250000
100.000000, 105.080625
100.000000, 99.922500
100.000000, 94.775625
100.000000, 89.640000
100.000000, 84.515625
100.000000, 79.402500
100.000000, 74.300625
100.000000, 69.210000
100.000000, 64.130625
100.000000, 59.062500
100.000000, 54.005625
100.000000, 48.960000
100.000000, 43.925625
100.000000, 38.902500
100.000000, 33.890625
100.000000, 28.890000
100.000000, 23.900625
100.000000, 18.922500
100.000000, 13.955625
100.000000, 9.000000
100.000000, 4.055625
100.000000, 359.122500
100.000000, 354.200625
100.000000, 349.290000
100.000000, 344.390625
100.000000, 339.502500
100.000000, 334.625625
100.000000, 329.760000
100.000000, 324.905625
100.000000, 320.062500
100.000000, 315.230625
100.000000, 310.410000
100.000000, 305.600625
100.000000, 300.802500
100.000000, 296.015625
100.000000, 291.240000
100.000000, 286.475625
100.000000, 281.722500
100.000000, 276.980625
100.000000, 272.250000
100.000000, 267.530625
100.000000, 262.822500
100.000000, 258.125625
100.000000, 253.440000
100.000000, 248.765625
100.000000, 244.102500
100.000000, 239.450625
100.000000, 234.810000
100.000000, 230.180625
100.000000, 225.562500
100.000000, 220.955625
100.000000, 216.360000
100.000000, 211.775625
100.000000, 207.202500
100.000000, 202.640625
100.000000, 198.090000
100.000000, 193.550625
100.000000, 189.022500
100.000000, 184.505625
100.000000, 180.000000
100.000000, 175.505625
100.000000, 171.022500
100.000000, 166.550625
100.000000, 162.090000
100.000000, 157.640625
100.000000, 153.202500
100.000000, 148.775625
100.000000, 144.360000
100.000000, 139.955625
100.000000, 135.562500
100.000000, 131.180625
100.000000, 126.810000
100.000000, 122.450625
100.000000, 118.102500
100.000000, 113.765625
100.000000, 109.440000
100.000000, 105.125625
100.000000, 100.822500
100.000000, 96.530625
100.000000, 92.250000
100.000000, 87.980625
100.000000, 83.722500
100.000000, 79.475625
100.000000, 75.240000
100.000000, 71.015625
100.000000, 66.802500
100.000000, 62.600625
100.000000, 58.410000
100.000000, 54.230625
100.000000, 50.062500
100.000000, 45.905625
100.000000, 41.760000
100.000000, 37.625625
100.000000, 33.502500
100.000000, 29.390625
100.000000, 25.290000
100.000000, 21.200625
100.000000, 17.122500
100.000000, 13.055625
100.000000, 9.000000
100.000000, 4.955625
100.000000, 0.922500
100.000000, 356.900625
100.000000, 352.890000
100.000000, 348.890625
100.000000, 344.902500
100.000000, 340.925625
100.000000, 336.960000
100.000000, 333.005625
100.000000, 329.062500
100.000000, 325.130625
100.000000, 321.210000
100.000000, 317.300625
100.000000, 313.402500
100.000000, 309.515625
100.000000, 305.640000
100.000000, 301.775625
100.000000, 297.922500
100.000000, 294.080625
100.000000, 290.250000
100.000000, 286.430625
100.000000, 282.622500
100.000000, 278.825625
100.000000, 275.040000
100.000000, 271.265625
100.000000, 267.502500
100.000000, 263.750625
100.000000, 260.010000
100.000000, 256.280625
100.000000, 252.562500
100.000000, 248.855625
100.000000, 245.160000
100.000000, 241.475625
100.000000, 237.802500
100.000000, 234.140625
100.000000, 230.490000
100.000000, 226.850625
100.000000, 223.222500
100.000000, 219.605625
100.000000, 216.000000
100.000000, 212.405625
100.000000, 208.822500
100.000000, 205.250625
100.000000, 201.690000
100.000000, 198.140625
100.000000, 194.602500
100.000000, 191.075625
100.000000, 187.560000
100.000000, 184.055625
100.000000, 180.562500
100.000000, 177.080625
100.000000, 173.610000
100.000000, 170.150625
100.000000, 166.702500
100.000000, 163.265625
100.000000, 159.840000
100.000000, 156.425625
100.000000, 153.022500
100.000000, 149.630625
100.000000, 146.250000
100.000000, 142.880625
100.000000, 139.522500
100.000000, 136.175625
100.000000, 132.840000
100.000000, 129.515625
100.000000, 126.202500
100.000000, 122.900625
100.000000, 119.610000
100.000000, 116.330625
100.000000, 113.062500
100.000000, 109.805625
100.000000, 106.560000
100.000000, 103.325625
100.000000, 100.102500
100.000000, 96.890625
100.000000, 93.690000
100.000000, 90.500625
100.000000, 87.322500
100.000000, 84.155625
100.000000, 81.000000
100.000000, 77.855625
100.000000, 74.722500
100.000000, 71.600625
100.000000, 68.490000
100.000000, 65.390625
100.000000, 62.302500
100.000000, 59.225625
100.000000, 56.160000
100.000000, 53.105625
100.000000, 50.062500
100.000000, 47.030625
100.000000, 44.010000
100.000000, 41.000625
100.000000, 38.002500
100.000000, 35.015625
100.000000, 32.040000
100.000000, 29.075625
100.000000, 26.122500
100.000000, 23.180625
100.000000, 20.250000
100.000000, 17.330625
100.000000, 14.422500
100.000000, 11.525625
100.000000, 8.640000
100.000000, 5.765625
100.000000, 2.902500
100.000000, 0.050625
100.000000, 357.210000
100.000000, 354.380625
100.000000, 351.562500
100.000000, 348.755625
100.000000, 345.960000
100.000000, 343.175625
100.000000, 340.402500
100.000000, 337.640625
100.000000, 334.890000
100.000000, 332.150625
100.000000, 329.422500
100.000000, 326.705625
100.000000, 324.000000
100.000000, 321.305625
100.000000, 318.622500
100.000000, 315.950625
100.000000, 313.290000
100.000000, 310.640625
100.000000, 308.002500
100.000000, 305.375625
100.000000, 302.760000
100.000000, 300.155625
100.000000, 297.562500
100.000000, 294.980625
100.000000, 292.410000
100.000000, 289.850625
100.000000, 287.302500
100.000000, 284.765625
100.000000, 282.240000
100.000000, 279.725625
100.000000, 277.222500
100.000000, 274.730625
100.000000, 272.250000
100.000000, 269.780625
100.000000, 267.322500
100.000000, 264.875625
100.000000, 262.440000
100.000000, 260.015625
100.000000, 257.602500
100.000000, 255.200625
100.000000, 252.810000
100.000000, 250.430625
100.000000, 248.062500
100.000000, 245.705625
100.000000, 243.360000
100.000000, 241.025625
100.000000, 238.702500
100.000000, 236.390625
100.000000, 234.090000
100.000000, 231.800625
100.000000, 229.522500
100.000000, 227.255625
100.000000, 225.000000
100.000000, 222.755625
100.000000, 220.522500
100.000000, 218.300625
100.000000, 216.090000
100.000000, 213.890625
100.000000, 211.702500
100.000000, 209.525625
100.000000, 207.360000
100.000000, 205.205625
100.000000, 203.062500
100.000000, 200.930625
100.000000, 198.810000
100.000000, 196.700625
100.000000, 194.602500
100.000000, 192.515625
100.000000, 190.440000
100.000000, 188.375625
100.000000, 186.322500
100.000000, 184.280625
100.000000, 182.250000
100.000000, 180.230625
100.000000, 178.222500
100.000000, 176.225625
100.000000, 174.240000
100.000000, 172.265625
100.000000, 170.302500
100.000000, 168.350625
100.000000, 166.410000
100.000000, 164.480625
100.000000, 162.562500
100.000000, 160.655625
100.000000, 158.760000
100.000000, 156.875625
100.000000, 155.002500
100.000000, 153.140625
100.000000, 151.290000
100.000000, 149.450625
100.000000, 147.622500
100.000000, 145.805625
100.000000, 144.000000
100.000000, 142.205625
100.000000, 140.422500
100.000000, 138.650625
100.000000, 136.890000
100.000000, 135.140625
100.000000, 133.402500
100.000000, 131.675625
100.000000, 129.960000
100.000000, 128.255625
100.000000, 126.562500
100.000000, 124.880625
100.000000, 123.210000
100.000000, 121.550625
100.000000, 119.902500
100.000000, 118.265625
100.000000, 116.640000
100.000000, 115.025625
100.000000, 113.422500
100.000000, 111.830625
100.000000, 110.250000
100.000000, 108.680625
100.000000, 107.122500
100.000000, 105.575625
100.000000, 104.040000
100.000000, 102.515625
100.000000, 101.002500
100.000000, 99.500625
100.000000, 98.010000
100.000000, 96.530625
100.000000, 95.062500
100.000000, 93.605625
100.000000, 92.160000
100.000000, 90.725625
100.000000, 89.302500
100.000000, 87.890625
100.000000, 86.490000
100.000000, 85.100625
100.000000, 83.722500
100.000000, 82.355625
100.000000, 81.000000
100.000000, 79.655625
100.000000, 78.322500
100.000000, 77.000625
100.000000, 75.690000
100.000000, 74.390625
100.000000, 73.102500
100.000000, 71.825625
100.000000, 70.560000
100.000000, 69.305625
100.000000, 68.062500
100.000000, 66.830625
100.000000, 65.610000
100.000000, 64.400625
100.000000, 63.202500
100.000000, 62.015625
100.000000, 60.840000
100.000000, 59.675625
100.000000, 58.522500
100.000000, 57.380625
100.000000, 56.250000
100.000000, 55.130625
100.000000, 54.022500
100.000000, 52.925625
100.000000, 51.840000
100.000000, 50.765625
100.000000, 49.702500
100.000000, 48.650625
100.000000, 47.610000
100.000000, 46.580625
100.000000, 45.562500
100.000000, 44.555625
100.000000, 43.560000
100.000000, 42.575625
100.000000, 41.602500
100.000000, 40.640625
100.000000, 39.690000
100.000000, 38.750625
100.000000, 37.822500
100.000000, 36.905625
100.000000, 36.000000
100.000000, 35.105625
100.000000, 34.222500
100.000000, 33.350625
100.000000, 32.490000
100.000000, 31.640625
100.000000, 30.802500
100.000000, 29.975625
100.000000, 29.160000
100.000000, 28.355625
100.000000, 27.562500
100.000000, 26.780625
100.000000, 26.010000
100.000000, 25.250625
100.000000, 24.502500
100.000000, 23.765625
100.000000, 23.040000
100.000000, 22.325625
100.000000, 21.622500
100.000000, 20.930625
100.000000, 20.250000
100.000000, 19.580625
100.000000, 18.922500
100.000000, 18.275625
100.000000, 17.640000
100.000000, 17.015625
100.000000, 16.402500
100.000000, 15.800625
100.000000, 15.210000
100.000000, 14.630625
100.000000, 14.062500
100.000000, 13.505625
100.000000, 12.960000
100.000000, 12.425625
100.000000, 11.902500
100.000000, 11.390625
100.000000, 10.890000
100.000000, 10.400625
100.000000, 9.922500
100.000000, 9.455625
100.000000, 9.000000
100.000000, 8.555625
100.000000, 8.122500
100.000000, 7.700625
100.000000, 7.290000
100.000000, 6.890625
100.000000, 6.502500
100.000000, 6.125625
100.000000, 5.760000
100.000000, 5.405625
100.000000, 5.062500
100.000000, 4.730625
100.000000, 4.410000
100.000000, 4.100625
100.000000, 3.802500
100.000000, 3.515625
100.000000, 3.240000
100.000000, 2.975625
100.000000, 2.722500
100.000000, 2.480625
100.000000, 2.250000
100.000000, 2.030625
100.000000, 1.822500
100.000000, 1.625625
100.000000, 1.440000
100.000000, 1.265625
100.000000, 1.102500
100.000000, 0.950625
100.000000, 0.810000
100.000000, 0.680625
100.000000, 0.562500
100.000000, 0.455625
100.000000, 0.360000
100.000000, 0.275625
100.000000, 0.202500
100.000000, 0.140625
100.000000, 0.090000
100.000000, 0.050625
100.000000, 0.022500
100.000000, 0.005625
100.000000, 0.000000
100.000000, 0.005625
100.000000, 0.022500
100.000000, 0.050625
100.000000, 0.090000
100.000000, 0.140625
100.000000, 0.202500
100.000000, 0.275625
100.000000, 0.360000
100.000000, 0.455625
100.000000, 0.562500
100.000000, 0.680625
100.000000, 0.810000
100.000000, 0.950625
100.000000, 1.102500
100.000000, 1.265625
100.000000, 1.440000
100.000000, 1.625625
100.000000, 1.822500
100.000000, 2.030625
100.000000, 2.250000
100.000000, 2.480625
100.000000, 2.722500
100.000000, 2.975625
100.000000, 3.240000
100.000000, 3.515625
100.000000, 3.802500
100.000000, 4.100625
100.000000, 4.410000
100.000000, 4.730625
100.000000, 5.062500
100.000000, 5.405625
100.000000, 5.760000
100.000000, 6.125625
100.000000, 6.502500
100.000000, 6.890625
100.000000, 7.290000
100.000000, 7.700625
100.000000, 8.122500
100.000000, 8.555625
100.000000, 9.000000
100.000000, 9.455625
100.000000, 9.922500
100.000000, 10.400625
100.000000, 10.890000
100.000000, 11.390625
100.000000, 11.902500
100.000000, 12.425625
100.000000, 12.960000
100.000000, 13.505625
100.000000, 14.062500
100.000000, 14.630625
100.000000, 15.210000
100.000000, 15.800625
100.000000, 16.402500
100.000000, 17.015625
100.000000, 17.640000
100.000000, 18.275625
100.000000, 18.922500
100.000000, 19.580625
100.000000, 20.250000
100.000000, 20.930625
100.000000, 21.622500
100.000000, 22.325625
100.000000, 23.040000
100.000000, 23.765625
100.000000, 24.502500
100.000000, 25.250625
100.000000, 26.010000
100.000000, 26.780625
100.000000, 27.562500
100.000000, 28.355625
100.000000, 29.160000
100.000000, 29.975625
100.000000, 30.802500
100.000000, 31.640625
100.000000, 32.490000
100.000000, 33.350625
100.000000, 34.222500
100.000000, 35.105625
100.000000, 36.000000
100.000000, 36.905625
100.000000, 37.822500
100.000000, 38.750625
100.000000, 39.690000
100.000000, 40.640625
100.000000, 41.602500
100.000000, 42.575625
100.000000, 43.560000
100.000000, 44.555625
100.000000, 45.562500
100.000000, 46.580625
100.000000, 47.610000
100.000000, 48.650625
100.000000, 49.702500
100.000000, 50.765625
100.000000, 51.840000
100.000000, 52.925625
100.000000, 54.022500
100.000000, 55.130625
100.000000, 56.250000
100.000000, 57.380625
100.000000, 58.522500
100.000000, 59.675625
100.000000, 60.840000
100.000000, 62.015625
100.000000, 63.202500
100.000000, 64.400625
100.000000, 65.610000
100.000000, 66.830625
100.000000, 68.062500
100.000000, 69.305625
100.000000, 70.560000
100.000000, 71.825625
100.000000, 73.102500
100.000000, 74.390625
100.000000, 75.690000
100.000000, 77.000625
100.000000, 78.322500
100.000000, 79.655625
100.000000, 81.000000
100.000000, 82.355625
100.000000, 83.722500
100.000000, 85.100625
100.000000, 86.490000
100.000000, 87.890625
100.000000, 89.302500
100.000000, 90.725625
100.000000, 92.160000
100.000000, 93.605625
100.000000, 95.062500
100.000000, 96.530625
100.000000, 98.010000
100.000000, 99.500625
100.000000, 101.002500
100.000000, 102.515625
100.000000, 104.040000
100.000000, 105.575625
100.000000, 107.122500
100.000000, 108.680625
100.000000, 110.250000
100.000000, 111.830625
100.000000, 113.422500
100.000000, 115.025625
100.000000, 116.640000
100.000000, 118.265625
100.000000, 119.902500
100.000000, 121.550625
100.000000, 123.210000
100.000000, 124.880625
100.000000, 126.562500
100.000000, 128.255625
100.000000, 129.960000
100.000000, 131.675625
100.000000, 133.402500
100.000000, 135.140625
100.000000, 136.890000
100.000000, 138.650625
100.000000, 140.422500
100.000000, 142.205625
100.000000, 144.000000
100.000000, 145.805625
100.000000, 147.622500
100.000000, 149.450625
100.000000, 151.290000
100.000000, 153.140625
100.000000, 155.002500
100.000000, 156.875625
100.000000, 158.760000
100.000000, 160.655625
100.000000, 162.562500
100.000000, 164.480625
100.000000, 166.410000
100.000000, 168.350625
100.000000, 170.302500
100.000000, 172.265625
100.000000, 174.240000
100.000000, 176.225625
100.000000, 178.222500
100.000000, 180.230625
100.000000, 182.250000
100.000000, 184.280625
100.000000, 186.322500
100.000000, 188.375625
100.000000, 190.440000
100.000000, 192.515625
100.000000, 194.602500
100.000000, 196.700625
100.000000, 198.810000
100.000000, 200.930625
100.000000, 203.062500
100.000000, 205.205625
100.000000, 207.360000
100.000000, 209.525625
100.000000, 211.702500
100.000000, 213.890625
100.000000, 216.090000
100.000000, 218.300625
100.000000, 220.522500
100.000000, 222.755625
100.000000, 225.000000
100.000000, 227.255625
100.000000, 229.522500
100.000000, 231.800625
100.000000, 234.090000
100.000000, 236.390625
100.000000, 238.702500
100.000000, 241.025625
100.000000, 243.360000
100.000000, 245.705625
100.000000, 248.062500
100.000000, 250.430625
100.000000, 252.810000
100.000000, 255.200625
100.000000, 257.602500
100.000000, 260.015625
100.000000, 262.440000
100.000000, 264.875625
100.000000, 267.322500
100.000000, 269.780625
100.000000, 272.250000
100.000000, 274.730625
100.000000, 277.222500
100.000000, 279.725625
100.000000, 282.240000
100.000000, 284.765625
100.000000, 287.302500
100.000000, 289.850625
100.000000, 292.410000
100.000000, 294.980625
100.000000, 297.562500
100.000000, 300.155625
100.000000, 302.760000
100.000000, 305.375625
100.000000, 308.002500
100.000000, 310.640625
100.000000, 313.290000
100.000000, 315.950625
100.000000, 318.622500
100.000000, 321.305625
100.000000, 324.000000
100.000000, 326.705625
100.000000, 329.422500
100.000000, 332.150625
100.000000, 334.890000
100.000000, 337.640625
100.000000, 340.402500
100.000000, 343.175625
100.000000, 345.960000
100.000000, 348.755625
100.000000, 351.562500
100.000000, 354.380625
100.000000, 357.210000
100.000000, 0.050625
100.000000, 2.902500
100.000000, 5.765625
100.000000, 8.640000
100.000000, 11.525625
100.000000, 14.422500
100.000000, 17.330625
100.000000, 20.250000
100.000000, 23.180625
100.000000, 26.122500
100.000000, 29.075625
100.000000, 32.040000
100.000000, 35.015625
100.000000, 38.002500
100.000000, 41.000625
100.000000, 44.010000
100.000000, 47.030625
100.000000, 50.062500
100.000000, 53.105625
100.000000, 56.160000
100.000000, 59.225625
100.000000, 62.302500
100.000000, 65.390625
100.000000, 68.490000
100.000000, 71.600625
100.000000, 74.722500
100.000000, 77.855625
100.000000, 81.000000
100.000000, 84.155625
100.000000, 87.322500
100.000000, 90.500625
100.000000, 93.690000
100.000000, 96.890625
100.000000, 100.102500
100.000000, 103.325625
100.000000, 106.560000
100.000000, 109.805625
100.000000, 113.062500
100.000000, 116.330625
100.000000, 119.610000
100.000000, 122.900625
100.000000, 126.202500
100.000000, 129.515625
100.000000, 132.840000
100.000000, 136.175625
100.000000, 139.522500
100.000000, 142.880625
100.000000, 146.250000
100.000000, 149.630625
100.000000, 153.022500
100.000000, 156.425625
100.000000, 159.840000
100.000000, 163.265625
100.000000, 166.702500
100.000000, 170.150625
100.000000, 173.610000
100.000000, 177.080625
100.000000, 180.562500
100.000000, 184.055625
100.000000, 187.560000
100.000000, 191.075625
100.000000, 194.602500
100.000000, 198.140625
100.000000, 201.690000
100.000000, 205.250625
100.000000, 208.822500
100.000000, 212.405625
100.000000, 216.000000
100.000000, 219.605625
100.000000, 223.222500
100.000000, 226.850625
100.000000, 230.490000
100.000000, 234.140625
100.000000, 237.802500
100.000000, 241.475625
100.000000, 245.160000
100.000000, 248.855625
100.000000, 252.562500
100.000000, 256.280625
100.000000, 260.010000
100.000000, 263.750625
100.000000, 267.502500
100.000000, 271.265625
100.000000, 275.040000
100.000000, 278.825625
100.000000, 282.622500
100.000000, 286.430625
100.000000, 290.250000
100.000000, 294.080625
100.000000, 297.922500
100.000000, 301.775625
100.000000, 305.640000
100.000000, 309.515625
100.000000, 313.402500
100.000000, 317.300625
100.000000, 321.210000
100.000000, 325.130625
100.000000, 329.062500
100.000000, 333.005625
100.000000, 336.960000
100.000000, 340.925625
100.000000, 344.902500
100.000000, 348.890625
100.000000, 352.890000
100.000000, 356.900625
100.000000, 0.922500
100.000000, 4.955625
100.000000, 9.000000
100.000000, 13.055625
100.000000, 17.122500
100.000000, 21.200625
100.000000, 25.290000
100.000000, 29.390625
100.000000, 33.502500
100.000000, 37.625625
100.000000, 41.760000
100.000000, 45.905625
100.000000, 50.062500
100.000000, 54.230625
100.000000, 58.410000
100.000000, 62.600625
100.000000, 66.802500
100.000000, 71.015625
100.000000, 75.240000
100.000000, 79.475625
100.000000, 83.722500
100.000000, 87.980625
100.000000, 92.250000
100.000000, 96.530625
100.000000, 100.822500
100.000000, 105.125625
100.000000, 109.440000
100.000000, 113.765625
100.000000, 118.102500
100.000000, 122.450625
100.000000, 126.810000
100.000000, 131.180625
100.000000, 135.562500
100.000000, 139.955625
100.000000, 144.360000
100.000000, 148.775625
100.000000, 153.202500
100.000000, 157.640625
100.000000, 162.090000
100.000000, 166.550625
100.000000, 171.022500
100.000000, 175.505625
100.000000, 180.000000
100.000000, 184.505625
100.000000, 189.022500
100.000000, 193.550625
100.000000, 198.090000
100.000000, 202.640625
100.000000, 207.202500
100.000000, 211.775625
100.000000, 216.360000
100.000000, 220.955625
100.000000, 225.562500
100.000000, 230.180625
100.000000, 234.810000
100.000000, 239.450625
100.000000, 244.102500
100.000000, 248.765625
100.000000, 253.440000
100.000000, 258.125625
100.000000, 262.822500
100.000000, 267.530625
100.000000, 272.250000
100.000000, 276.980625
100.000000, 281.722500
100.000000, 286.475625
100.000000, 291.240000
100.000000, 296.015625
100.000000, 300.802500
100.000000, 305.600625
100.000000, 310.410000
100.000000, 315.230625
100.000000, 320.062500
100.000000, 324.905625
100.000000, 329.760000
100.000000, 334.625625
100.000000, 339.502500
100.000000, 344.390625
100.000000, 349.290000
100.000000, 354.200625
100.000000, 359.122500
100.000000, 4.055625
100.000000, 9.000000
100.000000, 13.955625
100.000000, 18.922500
100.000000, 23.900625
100.000000, 28.890000
100.000000, 33.890625
100.000000, 38.902500
100.000000, 43.925625
100.000000, 48.960000
100.000000, 54.005625
100.000000, 59.062500
100.000000, 64.130625
100.000000, 69.210000
100.000000, 74.300625
100.000000, 79.402500
100.000000, 84.515625
100.000000, 89.640000
100.000000, 94.775625
100.000000, 99.922500
100.000000, 105.080625
100.000000, 110.250000
100.000000, 115.430625
99.999999, 120.622500
99.999999, 125.825625
99.999999, 131.040000
99.999999, 136.265625
99.999999, 141.502500
99.999999, 146.750625
99.999999, 152.010000
99.999999, 157.280625
99.999999, 162.562500
99.999998, 167.855625
99.999998, 173.160000
99.999998, 178.475625
99.999998, 183.802500
99.999998, 189.140625
99.999997, 194.490000
99.999997, 199.850625
99.999997, 205.222500
99.999996, 210.605625
99.999996, 216.000000
99.999995, 221.405625
99.999995, 226.822500
99.999994, 232.250625
99.999993, 237.690000
99.999992, 243.140625
99.999991, 248.602500
99.999990, 254.075625
99.999989, 259.560000
99.999988, 265.055625
99.999987, 270.562500
99.999985, 276.080625
99.999984, 281.610000
99.999982, 287.150625
99.999980, 292.702500
99.999977, 298.265625
99.999975, 303.840000
99.999972, 309.425625
99.999969, 315.022500
99.999965, 320.630625
99.999961, 326.250000
99.999957, 331.880625
99.999952, 337.522500
99.999947, 343.175625
99.999941, 348.840000
99.999935, 354.515625
99.999928, 0.202500
99.999920, 5.900625
99.999912, 11.610000
99.999902, 17.330625
99.999892, 23.062500
99.999880, 28.805625
99.999868, 34.560000
99.999854, 40.325625
99.999839, 46.102500
99.999822, 51.890625
99.999804, 57.690000
99.999784, 63.500625
99.999762, 69.322500
99.999737, 75.155625
99.999711, 81.000000
99.999682, 86.855625
99.999650, 92.722500
99.999615, 98.600625
99.999576, 104.490000
99.999534, 110.390625
99.999489, 116.302500
99.999438, 122.225625
99.999384, 128.160000
99.999324, 134.105625
99.999258, 140.062500
99.999187, 146.030625
99.999109, 152.010000
99.999024, 158.000625
99.998932, 164.002500
99.998831, 170.015625
99.998721, 176.040000
99.998601, 182.075625
99.998471, 188.122500
99.998330, 194.180625
99.998176, 200.250000
99.998008, 206.330625
99.997827, 212.422500
99.997629, 218.525625
99.997415, 224.640000
99.997182, 230.765625
99.996930, 236.902500
99.996656, 243.050625
99.996360, 249.210000
99.996039, 255.380625
99.995691, 261.562500
99.995314, 267.755625
99.994907, 273.960000
99.994466, 280.175625
99.993990, 286.402500
99.993475, 292.640625
99.992919, 298.890000
99.992319, 305.150625
99.991671, 311.422500
99.990971, 317.705625
99.990217, 324.000000
99.989404, 330.305625
99.988528, 336.622500
99.987584, 342.950625
99.986567, 349.290000
99.985473, 355.640625
99.984296, 2.002500
99.983030, 8.375625
99.981670, 14.760000
99.980207, 21.155625
99.978636, 27.562500
99.976949, 33.980625
99.975138, 40.410000
99.973196, 46.850625
99.971112, 53.302500
99.968878, 59.765625
99.966484, 66.240000
99.963920, 72.725625
99.961174, 79.222500
99.958235, 85.730625
99.955090, 92.250000
99.951726, 98.780625
99.948130, 105.322500
99.944286, 111.875625
99.940180, 118.440000
99.935795, 125.015625
99.931114, 131.602500
99.926120, 138.200625
99.920792, 144.810000
99.915112, 151.430625
99.909058, 158.062500
99.902607, 164.705625
99.895738, 171.360000
99.888425, 178.025625
99.880642, 184.702500
99.872363, 191.390625
99.863560, 198.090000
99.854203, 204.800625
99.844260, 211.522500
99.833700, 218.255625
99.822488, 225.000000
99.810588, 231.755625
99.797964, 238.522500
99.784576, 245.300625
99.770383, 252.090000
99.755343, 258.890625
99.739412, 265.702500
99.722542, 272.525625
99.704686, 279.360000
99.685792, 286.205625
99.665809, 293.062500
99.644682, 299.930625
99.622352, 306.810000
99.598762, 313.700625
99.573850, 320.602500
99.547550, 327.515625
99.519797, 334.440000
99.490521, 341.375625
99.459651, 348.322500
99.427112, 355.280625
99.392826, 2.250000
99.356713, 9.230625
99.318691, 16.222500
99.278674, 23.225625
99.236573, 30.240000
99.192296, 37.265625
99.145749, 44.302500
99.096833, 51.350625
99.045446, 58.410000
98.991486, 65.480625
98.934844, 72.562500
98.875410, 79.655625
98.813068, 86.760000
98.747703, 93.875625
98.679192, 101.002500
98.607412, 108.140625
98.532234, 115.290000
98.453529, 122.450625
98.371160, 129.622500
98.284991, 136.805625
98.194880, 144.000000
98.100682, 151.205625
98.002249, 158.422500
97.899429, 165.650625
97.792067, 172.890000
97.680005, 180.140625
97.563082, 187.402500
97.441131, 194.675625
97.313987, 201.960000
97.181476, 209.255625
97.043425, 216.562500
96.899657, 223.880625
96.749992, 231.210000
96.594246, 238.550625
96.432234, 245.902500
96.263768, 253.265625
96.088657, 260.640000
95.906709, 268.025625
95.717727, 275.422500
95.521515, 282.830625
95.317873, 290.250000
95.106601, 297.680625
94.887497, 305.122500
94.660356, 312.575625
94.424975, 320.040000
94.181146, 327.515625
93.928665, 335.002500
93.667323, 342.500625
93.396914, 350.010000
93.117231, 357.530625
92.828068, 5.062500
92.529217, 12.605625
92.220474, 20.160000
91.901634, 27.725625
91.572495, 35.302500
91.232856, 42.890625
90.882518, 50.490000
90.521285, 58.100625
90.148963, 65.722500
89.765361, 73.355625
89.370294, 81.000000
88.963577, 88.655625
88.545032, 96.322500
88.114485, 104.000625
87.671765, 111.690000
87.216711, 119.390625
86.749163, 127.102500
86.268969, 134.825625
85.775986, 142.560000
85.270073, 150.305625
84.751101, 158.062500
84.218946, 165.830625
83.673495, 173.610000
83.114641, 181.400625
82.542288, 189.202500
81.956349, 197.015625
81.356745, 204.840000
80.743412, 212.675625
80.116292, 220.522500
79.475342, 228.380625
78.820527, 236.250000
78.151828, 244.130625
77.469235, 252.022500
76.772754, 259.925625
76.062401, 267.840000
75.338208, 275.765625
74.600220, 283.702500
73.848497, 291.650625
73.083112, 299.610000
72.304155, 307.580625
71.511729, 315.562500
70.705956, 323.555625
69.886971, 331.560000
69.054925, 339.575625
68.209987, 347.602500
67.352343, 355.640625
66.482194, 3.690000
65.599758, 11.750625
64.705272, 19.822500
63.798989, 27.905625
62.881180, 36.000000
61.952132, 44.105625
61.012152, 52.222500
60.061563, 60.350625
59.100707, 68.490000
58.129942, 76.640625
57.149644, 84.802500
56.160207, 92.975625
55.162043, 101.160000
54.155581, 109.355625
53.141267, 117.562500
52.119563, 125.780625
51.090949, 134.010000
50.055922, 142.250625
49.014995, 150.502500
47.968695, 158.765625
46.917568, 167.040000
45.862173, 175.325625
44.803084, 183.622500
43.740891, 191.930625
42.676196, 200.250000
41.609616, 208.580625
40.541781, 216.922500
39.473333, 225.275625
38.404925, 233.640000
37.337223, 242.015625
36.270903, 250.402500
35.206652, 258.800625
34.145163, 267.210000
33.087143, 275.630625
32.033301, 284.062500
30.984359, 292.505625
29.941040, 300.960000
28.904077, 309.425625
27.874205, 317.902500
26.852163, 326.390625
25.838695, 334.890000
24.834546, 343.400625
23.840463, 351.922500
22.857191, 0.455625
21.885477, 9.000000
20.926067, 17.555625
19.979703, 26.122500
19.047124, 34.700625
18.129065, 43.290000
17.226256, 51.890625
16.339421, 60.502500
15.469277, 69.125625
14.616532, 77.760000
13.781885, 86.405625
12.966027, 95.062500
12.169636, 103.730625
11.393380, 112.410000
10.637912, 121.100625
9.903873, 129.802500
9.191890, 138.515625
8.502573, 147.240000
7.836517, 155.975625
7.194298, 164.722500
6.576477, 173.480625
5.983594, 182.250000
5.416170, 191.030625
4.874706, 199.822500
4.359681, 208.625625
3.871554, 217.440000
3.410761, 226.265625
2.977713, 235.102500
2.572800, 243.950625
2.196387, 252.810000
1.848813, 261.680625
1.530393, 270.562500
1.241417, 279.455625
0.982146, 288.360000
0.752817, 297.275625
0.553640, 306.202500
0.384795, 315.140625
0.246438, 324.090000
0.138696, 333.050625
0.061666, 342.022500
0.015420, 351.005625
0.000000, 0.000000
##END=
##XYPOINTS= (XY..XY)
0.015420, 351.005625
0.061666, 342.022500
0.138696, 333.050625
0.246438, 324.090000
0.384795, 315.140625
0.553640, 306.202500
0.752817, 297.275625
0.982146, 288.360000
1.241417, 279.455625
1.530393, 270.562500
1.848813, 261.680625
2.196387, 252.810000
2.572800, 243.950625
2.977713, 235.102500
3.410761, 226.265625
3.871554, 217.440000
4.359681, 208.625625
4.874706, 199.822500
5.416170, 191.030625
5.983594, 182.250000
6.576477, 173.480625
7.194298, 164.722500
7.836517, 155.975625
8.502573, 147.240000
9.191890, 138.515625
9.903873, 129.802500
10.637912, 121.100625
11.393380, 112.410000
12.169636, 103.730625
12.966027, 95.062500
13.781885, 86.405625
14.616532, 77.760000
15.469277, 69.125625
16.339421, 60.502500
17.226256, 51.890625
18.129065, 43.290000
19.047124, 34.700625
19.979703, 26.122500
20.926067, 17.555625
21.885477, 9.000000
22.857191, 0.455625
23.840463, 351.922500
24.834546, 343.400625
25.838695, 334.890000
26.852163, 326.390625
27.874205, 317.902500
28.904077, 309.425625
29.941040, 300.960000
30.984359, 292.505625
32.033301, 284.062500
33.087143, 275.630625
34.145163, 267.210000
35.206652, 258.800625
36.270903, 250.402500
37.337223, 242.015625
38.404925, 233.640000
39.473333, 225.275625
40.541781, 216.922500
41.609616, 208.580625
42.676196, 200.250000
43.740891, 191.930625
44.803084, 183.622500
45.862173, 175.325625
46.917568, 167.040000
47.968695, 158.765625
49.014995, 150.502500
50.055922, 142.250625
51.090949, 134.010000
52.119563, 125.780625
53.141267, 117.562500
54.155581, 109.355625
55.162043, 101.160000
56.160207, 92.975625
57.149644, 84.802500
58.129942, 76.640625
59.100707, 68.490000
60.061563, 60.350625
61.012152, 52.222500
61.952132, 44.105625
62.881180, 36.000000
63.798989, 27.905625
64.705272, 19.822500
65.599758, 11.750625
66.482194, 3.690000
67.352343, 355.640625
68.209987, 347.602500
69.054925, 339.575625
69.886971, 331.560000
70.705956, 323.555625
71.511729, 315.562500
72.304155, 307.580625
73.083112, 299.610000
73.848497, 291.650625
74.600220, 283.702500
75.338208, 275.765625
76.062401, 267.840000
76.772754, 259.925625
77.469235, 252.022500
78.151828, 244.130625
78.820527, 236.250000
79.475342, 228.380625
80.116292, 220.522500
80.743412, 212.675625
81.356745, 204.840000
81.956349, 197.015625
82.542288, 189.202500
83.114641, 181.400625
83.673495, 173.610000
84.218946, 165.830625
84.751101, 158.062500
85.270073, 150.305625
85.775986, 142.560000
86.268969, 134.825625
86.749163, 127.102500
87.216711, 119.390625
87.671765, 111.690000
88.114485, 104.000625
88.545032, 96.322500
88.963577, 88.655625
89.370294, 81.000000
89.765361, 73.355625
90.148963, 65.722500
90.521285, 58.100625
90.882518, 50.490000
91.232856, 42.890625
91.572495, 35.302500
91.901634, 27.725625
92.220474, 20.160000
92.529217, 12.605625
92.828068, 5.062500
93.117231, 357.530625
93.396914, 350.010000
93.667323, 342.500625
93.928665, 335.002500
94.181146, 327.515625
94.424975, 320.040000
94.660356, 312.575625
94.887497, 305.122500
95.106601, 297.680625
95.317873, 290.250000
95.521515, 282.830625
95.717727, 275.422500
95.906709, 268.025625
96.088657, 260.640000
96.263768, 253.265625
96.432234, 245.902500
96.594246, 238.550625
96.749992, 231.210000
96.899657, 223.880625
97.043425, 216.562500
97.181476, 209.255625
97.313987, 201.960000
97.441131, 194.675625
97.563082, 187.402500
97.680005, 180.140625
97.792067, 172.890000
97.899429, 165.650625
98.002249, 158.422500
98.100682, 151.205625
98.194880, 144.000000
98.284991, 136.805625
98.371160, 129.622500
98.453529, 122.450625
98.532234, 115.290000
98.607412, 108.140625
98.679192, 101.002500
98.747703, 93.875625
98.813068, 86.760000
98.875410, 79.655625
98.934844, 72.562500
98.991486, 65.480625
99.045446, 58.410000
99.096833, 51.350625
99.145749, 44.302500
99.192296, 37.265625
99.236573, 30.240000
99.278674, 23.225625
99.318691, 16.222500
99.356713, 9.230625
99.392826, 2.250000
99.427112, 355.280625
99.459651, 348.322500
99.490521, 341.375625
99.519797, 334.440000
99.547550, 327.515625
99.573850, 320.602500
99.598762, 313.700625
99.622352, 306.810000
99.644682, 299.930625
99.665809, 293.062500
99.685792, 286.205625
99.704686, 279.360000
99.722542, 272.525625
99.739412, 265.702500
99.755343, 258.890625
99.770383, 252.090000
99.784576, 245.300625
99.797964, 238.522500
99.810588, 231.755625
99.822488, 225.000000
99.833700, 218.255625
99.844260, 211.522500
99.854203, 204.800625
99.863560, 198.090000
99.872363, 191.390625
99.880642, 184.702500
99.888425, 178.025625
99.895738, 171.360000
99.902607, 164.705625
99.909058, 158.062500
99.915112, 151.430625
99.920792, 144.810000
99.926120, 138.200625
99.931114, 131.602500
99.935795, 125.015625
99.940180, 118.440000
99.944286, 111.875625
99.948130, 105.322500
99.951726, 98.780625
99.955090, 92.250000
99.958235, 85.730625
99.961174, 79.222500
99.963920, 72.725625
99.966484, 66.240000
99.968878, 59.765625
99.971112, 53.302500
99.973196, 46.850625
99.975138, 40.410000
99.976949, 33.980625
99.978636, 27.562500
99.980207, 21.155625
99.981670, 14.760000
99.983030, 8.375625
99.984296, 2.002500
99.985473, 355.640625
99.986567, 349.290000
99.987584, 342.950625
99.988528, 336.622500
99.989404, 330.305625
99.990217, 324.000000
99.990971, 317.705625
99.991671, 311.422500
99.992319, 305.150625
99.992919, 298.890000
99.993475, 292.640625
99.993990, 286.402500
99.994466, 280.175625
99.994907, 273.960000
99.995314, 267.755625
99.995691, 261.562500
99.996039, 255.380625
99.996360, 249.210000
99.996656, 243.050625
99.996930, 236.902500
99.997182, 230.765625
99.997415, 224.640000
99.997629, 218.525625
99.997827, 212.422500
99.998008, 206.330625
99.998176, 200.250000
99.998330, 194.180625
99.998471, 188.122500
99.998601, 182.075625
99.998721, 176.040000
99.998831, 170.015625
99.998932, 164.002500
99.999024, 158.000625
99.999109, 152.010000
99.999187, 146.030625
99.999258, 140.062500
99.999324, 134.105625
99.999384, 128.160000
99.999438, 122.225625
99.999489, 116.302500
99.999534, 110.390625
99.999576, 104.490000
99.999615, 98.600625
99.999650, 92.722500
99.999682, 86.855625
99.999711, 81.000000
99.999737, 75.155625
99.999762, 69.322500
99.999784, 63.500625
99.999804, 57.690000
99.999822, 51.890625
99.999839, 46.102500
99.999854, 40.325625
99.999868, 34.560000
99.999880, 28.805625
99.999892, 23.062500
99.999902, 17.330625
99.999912, 11.610000
99.999920, 5.900625
99.999928, 0.202500
99.999935, 354.515625
99.999941, 348.840000
99.999947, 343.175625
99.999952, 337.522500
99.999957, 331.880625
99.999961, 326.250000
99.999965, 320.630625
99.999969, 315.022500
99.999972, 309.425625
99.999975, 303.840000
99.999977, 298.265625
99.999980, 292.702500
99.999982, 287.150625
99.999984, 281.610000
99.999985, 276.080625
99.999987, 270.562500
99.999988, 265.055625
99.999989, 259.560000
99.999990, 254.075625
99.999991, 248.602500
99.999992, 243.140625
99.999993, 237.690000
99.999994, 232.250625
99.999995, 226.822500
99.999995, 221.405625
99.999996, 216.000000
99.999996, 210.605625
99.999997, 205.222500
99.999997, 199.850625
99.999997, 194.490000
99.999998, 189.140625
99.999998, 183.802500
99.999998, 178.475625
99.999998, 173.160000
99.999998, 167.855625
99.999999, 162.562500
99.999999, 157.280625
99.999999, 152.010000
99.999999, 146.750625
99.999999, 141.502500
99.999999, 136.265625
99.999999, 131.040000
99.999999, 125.825625
99.999999, 120.622500
100.000000, 115.430625
100.000000, 110.250000
100.000000, 105.080625
100.000000, 99.922500
100.000000, 94.775625
100.000000, 89.640000
100.000000, 84.515625
100.000000, 79.402500
100.000000, 74.300625
100.000000, 69.210000
100.000000, 64.130625
100.000000, 59.062500
100.000000, 54.005625
100.000000, 48.960000
100.000000, 43.925625
100.000000, 38.902500
100.000000, 33.890625
100.000000, 28.890000
100.000000, 23.900625
100.000000, 18.922500
100.000000, 13.955625
100.000000, 9.000000
100.000000, 4.055625
100.000000, 359.122500
100.000000, 354.200625
100.000000, 349.290000
100.000000, 344.390625
100.000000, 339.502500
100.000000, 334.625625
100.000000, 329.760000
100.000000, 324.905625
100.000000, 320.062500
100.000000, 315.230625
100.000000, 310.410000
100.000000, 305.600625
100.000000, 300.802500
100.000000, 296.015625
100.000000, 291.240000
100.000000, 286.475625
100.000000, 281.722500
100.000000, 276.980625
100.000000, 272.250000
100.000000, 267.530625
100.000000, 262.822500
100.000000, 258.125625
100.000000, 253.440000
100.000000, 248.765625
100.000000, 244.102500
100.000000, 239.450625
100.000000, 234.810000
100.000000, 230.180625
100.000000, 225.562500
100.000000, 220.955625
100.000000, 216.360000
100.000000, 211.775625
100.000000, 207.202500
100.000000, 202.640625
100.000000, 198.090000
100.000000, 193.550625
100.000000, 189.022500
100.000000, 184.505625
100.000000, 180.000000
100.000000, 175.505625
100.000000, 171.022500
100.000000, 166.550625
100.000000, 162.090000
100.000000, 157.640625
100.000000, 153.202500
100.000000, 148.775625
100.000000, 144.360000
100.000000, 139.955625
100.000000, 135.562500
100.000000, 131.180625
100.000000, 126.810000
100.000000, 122.450625
100.000000, 118.102500
100.000000, 113.765625
100.000000, 109.440000
100.000000, 105.125625
100.000000, 100.822500
100.000000, 96.530625
100.000000, 92.250000
100.000000, 87.980625
100.000000, 83.722500
100.000000, 79.475625
100.000000, 75.240000
100.000000, 71.015625
100.000000, 66.802500
100.000000, 62.600625
100.000000, 58.410000
100.000000, 54.230625
100.000000, 50.062500
100.000000, 45.905625
100.000000, 41.760000
100.000000, 37.625625
100.000000, 33.502500
100.000000, 29.390625
100.000000, 25.290000
100.000000, 21.200625
100.000000, 17.122500
100.000000, 13.055625
100.000000, 9.000000
100.000000, 4.955625
100.000000, 0.922500
100.000000, 356.900625
100.000000, 352.890000
100.000000, 348.890625
100.000000, 344.902500
100.000000, 340.925625
100.000000, 336.960000
100.000000, 333.005625
100.000000, 329.062500
100.000000, 325.130625
100.000000, 321.210000
100.000000, 317.300625
100.000000, 313.402500
100.000000, 309.515625
100.000000, 305.640000
100.000000, 301.775625
100.000000, 297.922500
100.000000, 294.080625
100.000000, 290.250000
100.000000, 286.430625
100.000000, 282.622500
100.000000, 278.825625
100.000000, 275.040000
100.000000, 271.265625
100.000000, 267.502500
100.000000, 263.750625
100.000000, 260.010000
100.000000, 256.280625
100.000000, 252.562500
100.000000, 248.855625
100.000000, 245.160000
100.000000, 241.475625
100.000000, 237.802500
100.000000, 234.140625
100.000000, 230.490000
100.000000, 226.850625
100.000000, 223.222500
100.000000, 219.605625
100.000000, 216.000000
100.000000, 212.405625
100.000000, 208.822500
100.000000, 205.250625
100.000000, 201.690000
100.000000, 198.140625
100.000000, 194.602500
100.000000, 191.075625
100.000000, 187.560000
100.000000, 184.055625
100.000000, 180.562500
100.000000, 177.080625
100.000000, 173.610000
100.000000, 170.150625
100.000000, 166.702500
100.000000, 163.265625
100.000000, 159.840000
100.000000, 156.425625
100.000000, 153.022500
100.000000, 149.630625
100.000000, 146.250000
100.000000, 142.880625
100.000000, 139.522500
100.000000, 136.175625
100.000000, 132.840000
100.000000, 129.515625
100.000000, 126.202500
100.000000, 122.900625
100.000000, 119.610000
100.000000, 116.330625
100.000000, 113.062500
100.000000, 109.805625
100.000000, 106.560000
100.000000, 103.325625
100.000000, 100.102500
100.000000, 96.890625
100.000000, 93.690000
100.000000, 90.500625
100.000000, 87.322500
100.000000, 84.155625
100.000000, 81.000000
100.000000, 77.855625
100.000000, 74.722500
100.000000, 71.600625
100.000000, 68.490000
100.000000, 65.390625
100.000000, 62.302500
100.000000, 59.225625
100.000000, 56.160000
100.000000, 53.105625
100.000000, 50.062500
100.000000, 47.030625
100.000000, 44.010000
100.000000, 41.000625
100.000000, 38.002500
100.000000, 35.015625
100.000000, 32.040000
100.000000, 29.075625
100.000000, 26.122500
100.000000, 23.180625
100.000000, 20.250000
100.000000, 17.330625
100.000000, 14.422500
100.000000, 11.525625
100.000000, 8.640000
100.000000, 5.765625
100.000000, 2.902500
100.000000, 0.050625
100.000000, 357.210000
100.000000, 354.380625
100.000000, 351.562500
100.000000, 348.755625
100.000000, 345.960000
100.000000, 343.175625
100.000000, 340.402500
100.000000, 337.640625
100.000000, 334.890000
100.000000, 332.150625
100.000000, 329.422500
100.000000, 326.705625
100.000000, 324.000000
100.000000, 321.305625
100.000000, 318.622500
100.000000, 315.950625
100.000000, 313.290000
100.000000, 310.640625
100.000000, 308.002500
100.000000, 305.375625
100.000000, 302.760000
100.000000, 300.155625
100.000000, 297.562500
100.000000, 294.980625
100.000000, 292.410000
100.000000, 289.850625
100.000000, 287.302500
100.000000, 284.765625
100.000000, 282.240000
100.000000, 279.725625
100.000000, 277.222500
100.000000, 274.730625
100.000000, 272.250000
100.000000, 269.780625
100.000000, 267.322500
100.000000, 264.875625
100.000000, 262.440000
100.000000, 260.015625
100.000000, 257.602500
100.000000, 255.200625
100.000000, 252.810000
100.000000, 250.430625
100.000000, 248.062500
100.000000, 245.705625
100.000000, 243.360000
100.000000, 241.025625
100.000000, 238.702500
100.000000, 236.390625
100.000000, 234.090000
100.000000, 231.800625
100.000000, 229.522500
100.000000, 227.255625
100.000000, 225.000000
100.000000, 222.755625
100.000000, 220.522500
100.000000, 218.300625
100.000000, 216.090000
100.000000, 213.890625
100.000000, 211.702500
100.000000, 209.525625
100.000000, 207.360000
100.000000, 205.205625
100.000000, 203.062500
100.000000, 200.930625
100.000000, 198.810000
100.000000, 196.700625
100.000000, 194.602500
100.000000, 192.515625
100.000000, 190.440000
100.000000, 188.375625
100.000000, 186.322500
100.000000, 184.280625
100.000000, 182.250000
100.000000, 180.230625
100.000000, 178.222500
100.000000, 176.225625
100.000000, 174.240000
100.000000, 172.265625
100.000000, 170.302500
100.000000, 168.350625
100.000000, 166.410000
100.000000, 164.480625
100.000000, 162.562500
100.000000, 160.655625
100.000000, 158.760000
100.000000, 156.875625
100.000000, 155.002500
100.000000, 153.140625
100.000000, 151.290000
100.000000, 149.450625
100.000000, 147.622500
100.000000, 145.805625
100.000000, 144.000000
100.000000, 142.205625
100.000000, 140.422500
100.000000, 138.650625
100.000000, 136.890000
100.000000, 135.140625
100.000000, 133.402500
100.000000, 131.675625
100.000000, 129.960000
100.000000, 128.255625
100.000000, 126.562500
100.000000, 124.880625
100.000000, 123.210000
100.000000, 121.550625
100.000000, 119.902500
100.000000, 118.265625
100.000000, 116.640000
100.000000, 115.025625
100.000000, 113.422500
100.000000, 111.830625
100.000000, 110.250000
100.000000, 108.680625
100.000000, 107.122500
100.000000, 105.575625
100.000000, 104.040000
100.000000, 102.515625
100.000000, 101.002500
100.000000, 99.500625
100.000000, 98.010000
100.000000, 96.530625
100.000000, 95.062500
100.000000, 93.605625
100.000000, 92.160000
100.000000, 90.725625
100.000000, 89.302500
100.000000, 87.890625
100.000000, 86.490000
100.000000, 85.100625
100.000000, 83.722500
100.000000, 82.355625
100.000000, 81.000000
100.000000, 79.655625
100.000000, 78.322500
100.000000, 77.000625
100.000000, 75.690000
100.000000, 74.390625
100.000000, 73.102500
100.000000, 71.825625
100.000000, 70.560000
100.000000, 69.305625
100.000000, 68.062500
100.000000, 66.830625
100.000000, 65.610000
100.000000, 64.400625
100.000000, 63.202500
100.000000, 62.015625
100.000000, 60.840000
100.000000, 59.675625
100.000000, 58.522500
100.000000, 57.380625
100.000000, 56.250000
100.000000, 55.130625
100.000000, 54.022500
100.000000, 52.925625
100.000000, 51.840000
100.000000, 50.765625
100.000000, 49.702500
100.000000, 48.650625
100.000000, 47.610000
100.000000, 46.580625
100.000000, 45.562500
100.000000, 44.555625
100.000000, 43.560000
100.000000, 42.575625
100.000000, 41.602500
100.000000, 40.640625
100.000000, 39.690000
100.000000, 38.750625
100.000000, 37.822500
100.000000, 36.905625
100.000000, 36.000000
100.000000, 35.105625
100.000000, 34.222500
100.000000, 33.350625
100.000000, 32.490000
100.000000, 31.640625
100.000000, 30.802500
100.000000, 29.975625
100.000000, 29.160000
100.000000, 28.355625
100.000000, 27.562500
100.000000, 26.780625
100.000000, 26.010000
100.000000, 25.250625
100.000000, 24.502500
100.000000, 23.765625
100.000000, 23.040000
100.000000, 22.325625
100.000000, 21.622500
100.000000, 20.930625
100.000000, 20.250000
100.000000, 19.580625
100.000000, 18.922500
100.000000, 18.275625
100.000000, 17.640000
100.000000, 17.015625
100.000000, 16.402500
100.000000, 15.800625
100.000000, 15.210000
100.000000, 14.630625
100.000000, 14.062500
100.000000, 13.505625
100.000000, 12.960000
100.000000, 12.425625
100.000000, 11.902500
100.000000, 11.390625
100.000000, 10.890000
100.000000, 10.400625
100.000000, 9.922500
100.000000, 9.455625
100.000000, 9.000000
100.000000, 8.555625
100.000000, 8.122500
100.000000, 7.700625
100.000000, 7.290000
100.000000, 6.890625
100.000000, 6.502500
100.000000, 6.125625
100.000000, 5.760000
100.000000, 5.405625
100.000000, 5.062500
100.000000, 4.730625
100.000000, 4.410000
100.000000, 4.100625
100.000000, 3.802500
100.000000, 3.515625
100.000000, 3.240000
100.000000, 2.975625
100.000000, 2.722500
100.000000, 2.480625
100.000000, 2.250000
100.000000, 2.030625
100.000000, 1.822500
100.000000, 1.625625
100.000000, 1.440000
100.000000, 1.265625
100.000000, 1.102500
100.000000, 0.950625
100.000000, 0.810000
100.000000, 0.680625
100.000000, 0.562500
100.000000, 0.455625
100.000000, 0.360000
100.000000, 0.275625
100.000000, 0.202500
100.000000, 0.140625
100.000000, 0.090000
100.000000, 0.050625
100.000000, 0.022500
100.000000, 0.005625
100.000000, 0.000000
100.000000, 0.005625
100.000000, 0.022500
100.000000, 0.050625
100.000000, 0.090000
100.000000, 0.140625
100.000000, 0.202500
100.000000, 0.275625
100.000000, 0.360000
100.000000, 0.455625
100.000000, 0.562500
100.000000, 0.680625
100.000000, 0.810000
100.000000, 0.950625
100.000000, 1.102500
100.000000, 1.265625
100.000000, 1.440000
100.000000, 1.625625
100.000000, 1.822500
100.000000, 2.030625
100.000000, 2.250000
100.000000, 2.480625
100.000000, 2.722500
100.000000, 2.975625
100.000000, 3.240000
100.000000, 3.515625
100.000000, 3.802500
100.000000, 4.100625
100.000000, 4.410000
100.000000, 4.730625
100.000000, 5.062500
100.000000, 5.405625
100.000000, 5.760000
100.000000, 6.125625
100.000000, 6.502500
100.000000, 6.890625
100.000000, 7.290000
100.000000, 7.700625
100.000000, 8.122500
100.000000, 8.555625
100.000000, 9.000000
100.000000, 9.455625
100.000000, 9.922500
100.000000, 10.400625
100.000000, 10.890000
100.000000, 11.390625
100.000000, 11.902500
100.000000, 12.425625
100.000000, 12.960000
100.000000, 13.505625
100.000000, 14.062500
100.000000, 14.630625
100.000000, 15.210000
100.000000, 15.800625
100.000000, 16.402500
100.000000, 17.015625
100.000000, 17.640000
100.000000, 18.275625
100.000000, 18.922500
100.000000, 19.580625
100.000000, 20.250000
100.000000, 20.930625
100.000000, 21.622500
100.000000, 22.325625
100.000000, 23.040000
100.000000, 23.765625
100.000000, 24.502500
100.000000, 25.250625
100.000000, 26.010000
100.000000, 26.780625
100.000000, 27.562500
100.000000, 28.355625
100.000000, 29.160000
100.000000, 29.975625
100.000000, 30.802500
100.000000, 31.640625
100.000000, 32.490000
100.000000, 33.350625
100.000000, 34.222500
100.000000, 35.105625
100.000000, 36.000000
100.000000, 36.905625
100.000000, 37.822500
100.000000, 38.750625
100.000000, 39.690000
100.000000, 40.640625
100.000000, 41.602500
100.000000, 42.575625
100.000000, 43.560000
100.000000, 44.555625
100.000000, 45.562500
100.000000, 46.580625
100.000000, 47.610000
100.000000, 48.650625
100.000000, 49.702500
100.000000, 50.765625
100.000000, 51.840000
100.000000, 52.925625
100.000000, 54.022500
100.000000, 55.130625
100.000000, 56.250000
100.000000, 57.380625
100.000000, 58.522500
100.000000, 59.675625
100.000000, 60.840000
100.000000, 62.015625
100.000000, 63.202500
100.000000, 64.400625
100.000000, 65.610000
100.000000, 66.830625
100.000000, 68.062500
100.000000, 69.305625
100.000000, 70.560000
100.000000, 71.825625
100.000000, 73.102500
100.000000, 74.390625
100.000000, 75.690000
100.000000, 77.000625
100.000000, 78.322500
100.000000, 79.655625
100.000000, 81.000000
100.000000, 82.355625
100.000000, 83.722500
100.000000, 85.100625
100.000000, 86.490000
100.000000, 87.890625
100.000000, 89.302500
100.000000, 90.725625
100.000000, 92.160000
100.000000, 93.605625
100.000000, 95.062500
100.000000, 96.530625
100.000000, 98.010000
100.000000, 99.500625
100.000000, 101.002500
100.000000, 102.515625
100.000000, 104.040000
100.000000, 105.575625
100.000000, 107.122500
100.000000, 108.680625
100.000000, 110.250000
100.000000, 111.830625
100.000000, 113.422500
100.000000, 115.025625
100.000000, 116.640000
100.000000, 118.265625
100.000000, 119.902500
100.000000, 121.550625
100.000000, 123.210000
100.000000, 124.880625
100.000000, 126.562500
100.000000, 128.255625
100.000000, 129.960000
100.000000, 131.675625
100.000000, 133.402500
100.000000, 135.140625
100.000000, 136.890000
100.000000, 138.650625
100.000000, 140.422500
100.000000, 142.205625
100.000000, 144.000000
100.000000, 145.805625
100.000000, 147.622500
100.000000, 149.450625
100.000000, 151.290000
100.000000, 153.140625
100.000000, 155.002500
100.000000, 156.875625
100.000000, 158.760000
100.000000, 160.655625
100.000000, 162.562500
100.000000, 164.480625
100.000000, 166.410000
100.000000, 168.350625
100.000000, 170.302500
100.000000, 172.265625
100.000000, 174.240000
100.000000, 176.225625
100.000000, 178.222500
100.000000, 180.230625
100.000000, 182.250000
100.000000, 184.280625
100.000000, 186.322500
100.000000, 188.375625
100.000000, 190.440000
100.000000, 192.515625
100.000000, 194.602500
100.000000, 196.700625
100.000000, 198.810000
100.000000, 200.930625
100.000000, 203.062500
100.000000, 205.205625
100.000000, 207.360000
100.000000, 209.525625
100.000000, 211.702500
100.000000, 213.890625
100.000000, 216.090000
100.000000, 218.300625
100.000000, 220.522500
100.000000, 222.755625
100.000000, 225.000000
100.000000, 227.255625
100.000000, 229.522500
100.000000, 231.800625
100.000000, 234.090000
100.000000, 236.390625
100.000000, 238.702500
100.000000, 241.025625
100.000000, 243.360000
100.000000, 245.705625
100.000000, 248.062500
100.000000, 250.430625
100.000000, 252.810000
100.000000, 255.200625
100.000000, 257.602500
100.000000, 260.015625
100.000000, 262.440000
100.000000, 264.875625
100.000000, 267.322500
100.000000, 269.780625
100.000000, 272.250000
100.000000, 274.730625
100.000000, 277.222500
100.000000, 279.725625
100.000000, 282.240000
100.000000, 284.765625
100.000000, 287.302500
100.000000, 289.850625
100.000000, 292.410000
100.000000, 294.980625
100.000000, 297.562500
100.000000, 300.155625
100.000000, 302.760000
100.000000, 305.375625
100.000000, 308.002500
100.000000, 310.640625
100.000000, 313.290000
100.000000, 315.950625
100.000000, 318.622500
100.000000, 321.305625
100.000000, 324.000000
100.000000, 326.705625
100.000000, 329.422500
100.000000, 332.150625
100.000000, 334.890000
100.000000, 337.640625
100.000000, 340.402500
100.000000, 343.175625
100.000000, 345.960000
100.000000, 348.755625
100.000000, 351.562500
100.000000, 354.380625
100.000000, 357.210000
100.000000, 0.050625
100.000000, 2.902500
100.000000, 5.765625
100.000000, 8.640000
100.000000, 11.525625
100.000000, 14.422500
100.000000, 17.330625
100.000000, 20.250000
100.000000, 23.180625
100.000000, 26.122500
100.000000, 29.075625
100.000000, 32.040000
100.000000, 35.015625
100.000000, 38.002500
100.000000, 41.000625
100.000000, 44.010000
100.000000, 47.030625
100.000000, 50.062500
100.000000, 53.105625
100.000000, 56.160000
100.000000, 59.225625
100.000000, 62.302500
100.000000, 65.390625
100.000000, 68.490000
100.000000, 71.600625
100.000000, 74.722500
100.000000, 77.855625
100.000000, 81.000000
100.000000, 84.155625
100.000000, 87.322500
100.000000, 90.500625
100.000000, 93.690000
100.000000, 96.890625
100.000000, 100.102500
100.000000, 103.325625
100.000000, 106.560000
100.000000, 109.805625
100.000000, 113.062500
100.000000, 116.330625
100.000000, 119.610000
100.000000, 122.900625
100.000000, 126.202500
100.000000, 129.515625
100.000000, 132.840000
100.000000, 136.175625
100.000000, 139.522500
100.000000, 142.880625
100.000000, 146.250000
100.000000, 149.630625
100.000000, 153.022500
100.000000, 156.425625
100.000000, 159.840000
100.000000, 163.265625
100.000000, 166.702500
100.000000, 170.150625
100.000000, 173.610000
100.000000, 177.080625
100.000000, 180.562500
100.000000, 184.055625
100.000000, 187.560000
100.000000, 191.075625
100.000000, 194.602500
100.000000, 198.140625
100.000000, 201.690000
100.000000, 205.250625
100.000000, 208.822500
100.000000, 212.405625
100.000000, 216.000000
100.000000, 219.605625
100.000000, 223.222500
100.000000, 226.850625
100.000000, 230.490000
100.000000, 234.140625
100.000000, 237.802500
100.000000, 241.475625
100.000000, 245.160000
100.000000, 248.855625
100.000000, 252.562500
100.000000, 256.280625
100.000000, 260.010000
100.000000, 263.750625
100.000000, 267.502500
100.000000, 271.265625
100.000000, 275.040000
100.000000, 278.825625
100.000000, 282.622500
100.000000, 286.430625
100.000000, 290.250000
100.000000, 294.080625
100.000000, 297.922500
100.000000, 301.775625
100.000000, 305.640000
100.000000, 309.515625
100.000000, 313.402500
100.000000, 317.300625
100.000000, 321.210000
100.000000, 325.130625
100.000000, 329.062500
100.000000, 333.005625
100.000000, 336.960000
100.000000, 340.925625
100.000000, 344.902500
100.000000, 348.890625
100.000000, 352.890000
100.000000, 356.900625
100.000000, 0.922500
100.000000, 4.955625
100.000000, 9.000000
100.000000, 13.055625
100.000000, 17.122500
100.000000, 21.200625
100.000000, 25.290000
100.000000, 29.390625
100.000000, 33.502500
100.000000, 37.625625
100.000000, 41.760000
100.000000, 45.905625
100.000000, 50.062500
100.000000, 54.230625
100.000000, 58.410000
100.000000, 62.600625
100.000000, 66.802500
100.000000, 71.015625
100.000000, 75.240000
100.000000, 79.475625
100.000000, 83.722500
100.000000, 87.980625
100.000000, 92.250000
100.000000, 96.530625
100.000000, 100.822500
100.000000, 105.125625
100.000000, 109.440000
100.000000, 113.765625
100.000000, 118.102500
100.000000, 122.450625
100.000000, 126.810000
100.000000, 131.180625
100.000000, 135.562500
100.000000, 139.955625
100.000000, 144.360000
100.000000, 148.775625
100.000000, 153.202500
100.000000, 157.640625
100.000000, 162.090000
100.000000, 166.550625
100.000000, 171.022500
100.000000, 175.505625
100.000000, 180.000000
100.000000, 184.505625
100.000000, 189.022500
100.000000, 193.550625
100.000000, 198.090000
100.000000, 202.640625
100.000000, 207.202500
100.000000, 211.775625
100.000000, 216.360000
100.000000, 220.955625
100.000000, 225.562500
100.000000, 230.180625
100.000000, 234.810000
100.000000, 239.450625
100.000000, 244.102500
100.000000, 248.765625
100.000000, 253.440000
100.000000, 258.125625
100.000000, 262.822500
100.000000, 267.530625
100.000000, 272.250000
100.000000, 276.980625
100.000000, 281.722500
100.000000, 286.475625
100.000000, 291.240000
100.000000, 296.015625
100.000000, 300.802500
100.000000, 305.600625
100.000000, 310.410000
100.000000, 315.230625
100.000000, 320.062500
100.000000, 324.905625
100.000000, 329.760000
100.000000, 334.625625
100.000000, 339.502500
100.000000, 344.390625
100.000000, 349.290000
100.000000, 354.200625
100.000000, 359.122500
100.000000, 4.055625
100.000000, 9.000000
100.000000, 13.955625
100.000000, 18.922500
100.000000, 23.900625
100.000000, 28.890000
100.000000, 33.890625
100.000000, 38.902500
100.000000, 43.925625
100.000000, 48.960000
100.000000, 54.005625
100.000000, 59.062500
100.000000, 64.130625
100.000000, 69.210000
100.000000, 74.300625
100.000000, 79.402500
100.000000, 84.515625
100.000000, 89.640000
100.000000, 94.775625
100.000000, 99.922500
100.000000, 105.080625
100.000000, 110.250000
100.000000, 115.430625
99.999999, 120.622500
99.999999, 125.825625
99.999999, 131.040000
99.999999, 136.265625
99.999999, 141.502500
99.999999, 146.750625
99.999999, 152.010000
99.999999, 157.280625
99.999999, 162.562500
99.999998, 167.855625
99.999998, 173.160000
99.999998, 178.475625
99.999998, 183.802500
99.999998, 189.140625
99.999997, 194.490000
99.999997, 199.850625
99.999997, 205.222500
99.999996, 210.605625
99.999996, 216.000000
99.999995, 221.405625
99.999995, 226.822500
99.999994, 232.250625
99.999993, 237.690000
99.999992, 243.140625
99.999991, 248.602500
99.999990, 254.075625
99.999989, 259.560000
99.999988, 265.055625
99.999987, 270.562500
99.999985, 276.080625
99.999984, 281.610000
99.999982, 287.150625
99.999980, 292.702500
99.999977, 298.265625
99.999975, 303.840000
99.999972, 309.425625
99.999969, 315.022500
99.999965, 320.630625
99.999961, 326.250000
99.999957, 331.880625
99.999952, 337.522500
99.999947, 343.175625
99.999941, 348.840000
99.999935, 354.515625
99.999928, 0.202500
99.999920, 5.900625
99.999912, 11.610000
99.999902, 17.330625
99.999892, 23.062500
99.999880, 28.805625
99.999868, 34.560000
99.999854, 40.325625
99.999839, 46.102500
99.999822, 51.890625
99.999804, 57.690000
99.999784, 63.500625
99.999762, 69.322500
99.999737, 75.155625
99.999711, 81.000000
99.999682, 86.855625
99.999650, 92.722500
99.999615, 98.600625
99.999576, 104.490000
99.999534, 110.390625
99.999489, 116.302500
99.999438, 122.225625
99.999384, 128.160000
99.999324, 134.105625
99.999258, 140.062500
99.999187, 146.030625
99.999109, 152.010000
99.999024, 158.000625
99.998932, 164.002500
99.998831, 170.015625
99.998721, 176.040000
99.998601, 182.075625
99.998471, 188.122500
99.998330, 194.180625
99.998176, 200.250000
99.998008, 206.330625
99.997827, 212.422500
99.997629, 218.525625
99.997415, 224.640000
99.997182, 230.765625
99.996930, 236.902500
99.996656, 243.050625
99.996360, 249.210000
99.996039, 255.380625
99.995691, 261.562500
99.995314, 267.755625
99.994907, 273.960000
99.994466, 280.175625
99.993990, 286.402500
99.993475, 292.640625
99.992919, 298.890000
99.992319, 305.150625
99.991671, 311.422500
99.990971, 317.705625
99.990217, 324.000000
99.989404, 330.305625
99.988528, 336.622500
99.987584, 342.950625
99.986567, 349.290000
99.985473, 355.640625
99.984296, 2.002500
99.983030, 8.375625
99.981670, 14.760000
99.980207, 21.155625
99.978636, 27.562500
99.976949, 33.980625
99.975138, 40.410000
99.973196, 46.850625
99.971112, 53.302500
99.968878, 59.765625
99.966484, 66.240000
99.963920, 72.725625
99.961174, 79.222500
99.958235, 85.730625
99.955090, 92.250000
99.951726, 98.780625
99.948130, 105.322500
99.944286, 111.875625
99.940180, 118.440000
99.935795, 125.015625
99.931114, 131.602500
99.926120, 138.200625
99.920792, 144.810000
99.915112, 151.430625
99.909058, 158.062500
99.902607, 164.705625
99.895738, 171.360000
99.888425, 178.025625
99.880642, 184.702500
99.872363, 191.390625
99.863560, 198.090000
99.854203, 204.800625
99.844260, 211.522500
99.833700, 218.255625
99.822488, 225.000000
99.810588, 231.755625
99.797964, 238.522500
99.784576, 245.300625
99.770383, 252.090000
99.755343, 258.890625
99.739412, 265.702500
99.722542, 272.525625
99.704686, 279.360000
99.685792, 286.205625
99.665809, 293.062500
99.644682, 299.930625
99.622352, 306.810000
99.598762, 313.700625
99.573850, 320.602500
99.547550, 327.515625
99.519797, 334.440000
99.490521, 341.375625
99.459651, 348.322500
99.427112, 355.280625
99.392826, 2.250000
99.356713, 9.230625
99.318691, 16.222500
99.278674, 23.225625
99.236573, 30.240000
99.192296, 37.265625
99.145749, 44.302500
99.096833, 51.350625
99.045446, 58.410000
98.991486, 65.480625
98.934844, 72.562500
98.875410, 79.655625
98.813068, 86.760000
98.747703, 93.875625
98.679192, 101.002500
98.607412, 108.140625
98.532234, 115.290000
98.453529, 122.450625
98.371160, 129.622500
98.284991, 136.805625
98.194880, 144.000000
98.100682, 151.205625
98.002249, 158.422500
97.899429, 165.650625
97.792067, 172.890000
97.680005, 180.140625
97.563082, 187.402500
97.441131, 194.675625
97.313987, 201.960000
97.181476, 209.255625
97.043425, 216.562500
96.899657, 223.880625
96.749992, 231.210000
96.594246, 238.550625
96.432234, 245.902500
96.263768, 253.265625
96.088657, 260.640000
95.906709, 268.025625
95.717727, 275.422500
95.521515, 282.830625
95.317873, 290.250000
95.106601, 297.680625
94.887497, 305.122500
94.660356, 312.575625
94.424975, 320.040000
94.181146, 327.515625
93.928665, 335.002500
93.667323, 342.500625
93.396914, 350.010000
93.117231, 357.530625
92.828068, 5.062500
92.529217, 12.605625
92.220474, 20.160000
91.901634, 27.725625
91.572495, 35.302500
91.232856, 42.890625
90.882518, 50.490000
90.521285, 58.100625
90.148963, 65.722500
89.765361, 73.355625
89.370294, 81.000000
88.963577, 88.655625
88.545032, 96.322500
88.114485, 104.000625
87.671765, 111.690000
87.216711, 119.390625
86.749163, 127.102500
86.268969, 134.825625
85.775986, 142.560000
85.270073, 150.305625
84.751101, 158.062500
84.218946, 165.830625
83.673495, 173.610000
83.114641, 181.400625
82.542288, 189.202500
81.956349, 197.015625
81.356745, 204.840000
80.743412, 212.675625
80.116292, 220.522500
79.475342, 228.380625
78.820527, 236.250000
78.151828, 244.130625
77.469235, 252.022500
76.772754, 259.925625
76.062401, 267.840000
75.338208, 275.765625
74.600220, 283.702500
73.848497, 291.650625
73.083112, 299.610000
72.304155, 307.580625
71.511729, 315.562500
70.705956, 323.555625
69.886971, 331.560000
69.054925, 339.575625
68.209987, 347.602500
67.352343, 355.640625
66.482194, 3.690000
65.599758, 11.750625
64.705272, 19.822500
63.798989, 27.905625
62.881180, 36.000000
61.952132, 44.105625
61.012152, 52.222500
60.061563, 60.350625
59.100707, 68.490000
58.129942, 76.640625
57.149644, 84.802500
56.160207, 92.975625
55.162043, 101.160000
54.155581, 109.355625
53.141267, 117.562500
52.119563, 125.780625
51.090949, 134.010000
50.055922, 142.250625
49.014995, 150.502500
47.968695, 158.765625
46.917568, 167.040000
45.862173, 175.325625
44.803084, 183.622500
43.740891, 191.930625
42.676196, 200.250000
41.609616, 208.580625
40.541781, 216.922500
39.473333, 225.275625
38.404925, 233.640000
37.337223, 242.015625
36.270903, 250.402500
35.206652, 258.800625
34.145163, 267.210000
33.087143, 275.630625
32.033301, 284.062500
30.984359, 292.505625
29.941040, 300.960000
28.904077, 309.425625
27.874205, 317.902500
26.852163, 326.390625
25.838695, 334.890000
24.834546, 343.400625
23.840463, 351.922500
22.857191, 0.455625
21.885477, 9.000000
20.926067, 17.555625
19.979703, 26.122500
19.047124, 34.700625
18.129065, 43.290000
17.226256, 51.890625
16.339421, 60.502500
15.469277, 69.125625
14.616532, 77.760000
13.781885, 86.405625
12.966027, 95.062500
12.169636, 103.730625
11.393380, 112.410000
10.637912, 121.100625
9.903873, 129.802500
9.191890, 138.515625
8.502573, 147.240000
7.836517, 155.975625
7.194298, 164.722500
6.576477, 173.480625
5.983594, 182.250000
5.416170, 191.030625
4.874706, 199.822500
4.359681, 208.625625
3.871554, 217.440000
3.410761, 226.265625
2.977713, 235.102500
2.572800, 243.950625
2.196387, 252.810000
1.848813, 261.680625
1.530393, 270.562500
1.241417, 279.455625
0.982146, 288.360000
0.752817, 297.275625
0.553640, 306.202500
0.384795, 315.140625
0.246438, 324.090000
0.138696, 333.050625
0.061666, 342.022500
0.015420, 351.005625
0.000000, 0.000000
##END=
