##TITLE= WURST-80 shape (duration 50 us, sweep width 1000 kHz, step size: 0.05 us, sweep rate: 20.00 MHz/ms)
##USAGE= Use for WURST inversion and excitation
##JCAMP-DX= 5.00 $$ Bruker JCAMP library
##DATA TYPE= Shape Data
##ORIGIN= Generated from wurst program
##DATE= 03/07/16
##TIME= 09:48:43
##$SHAPE_PARAMETERS= Type: Wurst ; Total Sweep-Width [Hz] 1000000.0 ; Length of Pulse [usec] 50.0 ; Amplitude Power Index 80.0 ; 1=High to low field, -1=Low to high field -1.0
##MINX= 0.000000e+00
##MAXX= 1.000000e+02
##MINY= 0.000000e+00
##MAXY= 3.600000e+02
##$SHAPE_EXMODE= Adiabatic
##$SHAPE_TOTROT= 1.800000e+02
##$SHAPE_TYPE= Inversion
##$SHAPE_BWFAC= 0.000000e+00
##$SHAPE_INTEGFAC= 0.000000e+00
##$SHAPE_MODE= 1
##NPOINTS= 1000
##XYPOINTS= (XY..XY)
4.000000e-02, 3.510100e+02
1.600000e-01, 3.420400e+02
3.500000e-01, 3.330800e+02
6.300000e-01, 3.241400e+02
9.800000e-01, 3.152300e+02
1.410000e+00, 3.063200e+02
1.920000e+00, 2.974400e+02
2.500000e+00, 2.885800e+02
3.150000e+00, 2.797300e+02
3.870000e+00, 2.709000e+02
4.670000e+00, 2.620900e+02
5.530000e+00, 2.533000e+02
6.460000e+00, 2.445200e+02
7.450000e+00, 2.357600e+02
8.500000e+00, 2.270300e+02
9.620000e+00, 2.183000e+02
1.079000e+01, 2.096000e+02
1.201000e+01, 2.009200e+02
1.329000e+01, 1.922500e+02
1.462000e+01, 1.836000e+02
1.599000e+01, 1.749700e+02
1.741000e+01, 1.663600e+02
1.886000e+01, 1.577600e+02
2.036000e+01, 1.491800e+02
2.189000e+01, 1.406200e+02
2.345000e+01, 1.320800e+02
2.503000e+01, 1.235600e+02
2.665000e+01, 1.150600e+02
2.829000e+01, 1.065700e+02
2.994000e+01, 9.810000e+01
3.161000e+01, 8.965000e+01
3.330000e+01, 8.122000e+01
3.499000e+01, 7.280000e+01
3.670000e+01, 6.440000e+01
3.840000e+01, 5.602000e+01
4.011000e+01, 4.766000e+01
4.182000e+01, 3.932000e+01
4.353000e+01, 3.100000e+01
4.523000e+01, 2.269000e+01
4.692000e+01, 1.440000e+01
4.860000e+01, 6.130000e+00
5.026000e+01, 3.578800e+02
5.191000e+01, 3.496400e+02
5.355000e+01, 3.414200e+02
5.516000e+01, 3.332300e+02
5.675000e+01, 3.250400e+02
5.832000e+01, 3.168800e+02
5.987000e+01, 3.087400e+02
6.139000e+01, 3.006100e+02
6.288000e+01, 2.925000e+02
6.434000e+01, 2.844100e+02
6.578000e+01, 2.763400e+02
6.718000e+01, 2.682800e+02
6.855000e+01, 2.602400e+02
6.989000e+01, 2.522300e+02
7.119000e+01, 2.442200e+02
7.246000e+01, 2.362400e+02
7.370000e+01, 2.282800e+02
7.490000e+01, 2.203300e+02
7.606000e+01, 2.124000e+02
7.719000e+01, 2.044900e+02
7.829000e+01, 1.966000e+02
7.935000e+01, 1.887200e+02
8.037000e+01, 1.808600e+02
8.136000e+01, 1.730200e+02
8.231000e+01, 1.652000e+02
8.323000e+01, 1.574000e+02
8.411000e+01, 1.496200e+02
8.496000e+01, 1.418500e+02
8.578000e+01, 1.341000e+02
8.656000e+01, 1.263700e+02
8.731000e+01, 1.186600e+02
8.803000e+01, 1.109600e+02
8.871000e+01, 1.032800e+02
8.937000e+01, 9.562000e+01
9.000000e+01, 8.798000e+01
9.059000e+01, 8.036000e+01
9.116000e+01, 7.276000e+01
9.171000e+01, 6.517000e+01
9.222000e+01, 5.760000e+01
9.271000e+01, 5.005000e+01
9.317000e+01, 4.252000e+01
9.361000e+01, 3.500000e+01
9.403000e+01, 2.750000e+01
9.442000e+01, 2.002000e+01
9.480000e+01, 1.256000e+01
9.515000e+01, 5.120000e+00
9.548000e+01, 3.577000e+02
9.579000e+01, 3.502900e+02
9.609000e+01, 3.429000e+02
9.637000e+01, 3.355300e+02
9.663000e+01, 3.281800e+02
9.687000e+01, 3.208400e+02
9.710000e+01, 3.135200e+02
9.731000e+01, 3.062300e+02
9.751000e+01, 2.989400e+02
9.770000e+01, 2.916800e+02
9.788000e+01, 2.844400e+02
9.804000e+01, 2.772100e+02
9.819000e+01, 2.700000e+02
9.834000e+01, 2.628100e+02
9.847000e+01, 2.556400e+02
9.859000e+01, 2.484800e+02
9.871000e+01, 2.413400e+02
9.881000e+01, 2.342300e+02
9.891000e+01, 2.271200e+02
9.900000e+01, 2.200400e+02
9.909000e+01, 2.129800e+02
9.916000e+01, 2.059300e+02
9.924000e+01, 1.989000e+02
9.930000e+01, 1.918900e+02
9.936000e+01, 1.849000e+02
9.942000e+01, 1.779200e+02
9.947000e+01, 1.709600e+02
9.952000e+01, 1.640200e+02
9.956000e+01, 1.571000e+02
9.960000e+01, 1.502000e+02
9.964000e+01, 1.433200e+02
9.967000e+01, 1.364500e+02
9.970000e+01, 1.296000e+02
9.973000e+01, 1.227700e+02
9.976000e+01, 1.159600e+02
9.978000e+01, 1.091600e+02
9.980000e+01, 1.023800e+02
9.982000e+01, 9.562000e+01
9.984000e+01, 8.888000e+01
9.986000e+01, 8.216000e+01
9.987000e+01, 7.546000e+01
9.988000e+01, 6.877000e+01
9.990000e+01, 6.210000e+01
9.991000e+01, 5.545000e+01
9.992000e+01, 4.882000e+01
9.993000e+01, 4.220000e+01
9.993000e+01, 3.560000e+01
9.994000e+01, 2.903000e+01
9.995000e+01, 2.246000e+01
9.995000e+01, 1.592000e+01
9.996000e+01, 9.400000e+00
9.996000e+01, 2.890000e+00
9.997000e+01, 3.564000e+02
9.997000e+01, 3.499300e+02
9.997000e+01, 3.434800e+02
9.998000e+01, 3.370400e+02
9.998000e+01, 3.306200e+02
9.998000e+01, 3.242200e+02
9.998000e+01, 3.178400e+02
9.999000e+01, 3.114800e+02
9.999000e+01, 3.051400e+02
9.999000e+01, 2.988100e+02
9.999000e+01, 2.925000e+02
9.999000e+01, 2.862100e+02
9.999000e+01, 2.799400e+02
9.999000e+01, 2.736800e+02
9.999000e+01, 2.674400e+02
9.999000e+01, 2.612200e+02
1.000000e+02, 2.550200e+02
1.000000e+02, 2.488400e+02
1.000000e+02, 2.426800e+02
1.000000e+02, 2.365300e+02
1.000000e+02, 2.304000e+02
1.000000e+02, 2.242900e+02
1.000000e+02, 2.182000e+02
1.000000e+02, 2.121200e+02
1.000000e+02, 2.060600e+02
1.000000e+02, 2.000300e+02
1.000000e+02, 1.940000e+02
1.000000e+02, 1.880000e+02
1.000000e+02, 1.820200e+02
1.000000e+02, 1.760500e+02
1.000000e+02, 1.701000e+02
1.000000e+02, 1.641700e+02
1.000000e+02, 1.582600e+02
1.000000e+02, 1.523600e+02
1.000000e+02, 1.464800e+02
1.000000e+02, 1.406200e+02
1.000000e+02, 1.347800e+02
1.000000e+02, 1.289600e+02
1.000000e+02, 1.231600e+02
1.000000e+02, 1.173700e+02
1.000000e+02, 1.116000e+02
1.000000e+02, 1.058500e+02
1.000000e+02, 1.001200e+02
1.000000e+02, 9.440000e+01
1.000000e+02, 8.870000e+01
1.000000e+02, 8.303000e+01
1.000000e+02, 7.736000e+01
1.000000e+02, 7.172000e+01
1.000000e+02, 6.610000e+01
1.000000e+02, 6.049000e+01
1.000000e+02, 5.490000e+01
1.000000e+02, 4.933000e+01
1.000000e+02, 4.378000e+01
1.000000e+02, 3.824000e+01
1.000000e+02, 3.272000e+01
1.000000e+02, 2.722000e+01
1.000000e+02, 2.174000e+01
1.000000e+02, 1.628000e+01
1.000000e+02, 1.084000e+01
1.000000e+02, 5.410000e+00
1.000000e+02, 3.600000e+02
1.000000e+02, 3.546100e+02
1.000000e+02, 3.492400e+02
1.000000e+02, 3.438800e+02
1.000000e+02, 3.385400e+02
1.000000e+02, 3.332200e+02
1.000000e+02, 3.279200e+02
1.000000e+02, 3.226400e+02
1.000000e+02, 3.173800e+02
1.000000e+02, 3.121300e+02
1.000000e+02, 3.069000e+02
1.000000e+02, 3.016900e+02
1.000000e+02, 2.965000e+02
1.000000e+02, 2.913200e+02
1.000000e+02, 2.861600e+02
1.000000e+02, 2.810300e+02
1.000000e+02, 2.759000e+02
1.000000e+02, 2.708000e+02
1.000000e+02, 2.657200e+02
1.000000e+02, 2.606500e+02
1.000000e+02, 2.556000e+02
1.000000e+02, 2.505700e+02
1.000000e+02, 2.455600e+02
1.000000e+02, 2.405600e+02
1.000000e+02, 2.355800e+02
1.000000e+02, 2.306200e+02
1.000000e+02, 2.256800e+02
1.000000e+02, 2.207600e+02
1.000000e+02, 2.158600e+02
1.000000e+02, 2.109700e+02
1.000000e+02, 2.061000e+02
1.000000e+02, 2.012500e+02
1.000000e+02, 1.964200e+02
1.000000e+02, 1.916000e+02
1.000000e+02, 1.868000e+02
1.000000e+02, 1.820300e+02
1.000000e+02, 1.772600e+02
1.000000e+02, 1.725200e+02
1.000000e+02, 1.678000e+02
1.000000e+02, 1.630900e+02
1.000000e+02, 1.584000e+02
1.000000e+02, 1.537300e+02
1.000000e+02, 1.490800e+02
1.000000e+02, 1.444400e+02
1.000000e+02, 1.398200e+02
1.000000e+02, 1.352200e+02
1.000000e+02, 1.306400e+02
1.000000e+02, 1.260800e+02
1.000000e+02, 1.215400e+02
1.000000e+02, 1.170100e+02
1.000000e+02, 1.125000e+02
1.000000e+02, 1.080100e+02
1.000000e+02, 1.035400e+02
1.000000e+02, 9.908000e+01
1.000000e+02, 9.464000e+01
1.000000e+02, 9.022000e+01
1.000000e+02, 8.582000e+01
1.000000e+02, 8.144000e+01
1.000000e+02, 7.708000e+01
1.000000e+02, 7.273000e+01
1.000000e+02, 6.840000e+01
1.000000e+02, 6.409000e+01
1.000000e+02, 5.980000e+01
1.000000e+02, 5.552000e+01
1.000000e+02, 5.126000e+01
1.000000e+02, 4.703000e+01
1.000000e+02, 4.280000e+01
1.000000e+02, 3.860000e+01
1.000000e+02, 3.442000e+01
1.000000e+02, 3.025000e+01
1.000000e+02, 2.610000e+01
1.000000e+02, 2.197000e+01
1.000000e+02, 1.786000e+01
1.000000e+02, 1.376000e+01
1.000000e+02, 9.680000e+00
1.000000e+02, 5.620000e+00
1.000000e+02, 1.580000e+00
1.000000e+02, 3.575600e+02
1.000000e+02, 3.535600e+02
1.000000e+02, 3.495700e+02
1.000000e+02, 3.456000e+02
1.000000e+02, 3.416500e+02
1.000000e+02, 3.377200e+02
1.000000e+02, 3.338000e+02
1.000000e+02, 3.299000e+02
1.000000e+02, 3.260300e+02
1.000000e+02, 3.221600e+02
1.000000e+02, 3.183200e+02
1.000000e+02, 3.145000e+02
1.000000e+02, 3.106900e+02
1.000000e+02, 3.069000e+02
1.000000e+02, 3.031300e+02
1.000000e+02, 2.993800e+02
1.000000e+02, 2.956400e+02
1.000000e+02, 2.919200e+02
1.000000e+02, 2.882200e+02
1.000000e+02, 2.845400e+02
1.000000e+02, 2.808800e+02
1.000000e+02, 2.772400e+02
1.000000e+02, 2.736100e+02
1.000000e+02, 2.700000e+02
1.000000e+02, 2.664100e+02
1.000000e+02, 2.628400e+02
1.000000e+02, 2.592800e+02
1.000000e+02, 2.557400e+02
1.000000e+02, 2.522200e+02
1.000000e+02, 2.487200e+02
1.000000e+02, 2.452400e+02
1.000000e+02, 2.417800e+02
1.000000e+02, 2.383300e+02
1.000000e+02, 2.349000e+02
1.000000e+02, 2.314900e+02
1.000000e+02, 2.281000e+02
1.000000e+02, 2.247200e+02
1.000000e+02, 2.213600e+02
1.000000e+02, 2.180300e+02
1.000000e+02, 2.147000e+02
1.000000e+02, 2.114000e+02
1.000000e+02, 2.081200e+02
1.000000e+02, 2.048500e+02
1.000000e+02, 2.016000e+02
1.000000e+02, 1.983700e+02
1.000000e+02, 1.951600e+02
1.000000e+02, 1.919600e+02
1.000000e+02, 1.887800e+02
1.000000e+02, 1.856200e+02
1.000000e+02, 1.824800e+02
1.000000e+02, 1.793600e+02
1.000000e+02, 1.762600e+02
1.000000e+02, 1.731700e+02
1.000000e+02, 1.701000e+02
1.000000e+02, 1.670500e+02
1.000000e+02, 1.640200e+02
1.000000e+02, 1.610000e+02
1.000000e+02, 1.580000e+02
1.000000e+02, 1.550300e+02
1.000000e+02, 1.520600e+02
1.000000e+02, 1.491200e+02
1.000000e+02, 1.462000e+02
1.000000e+02, 1.432900e+02
1.000000e+02, 1.404000e+02
1.000000e+02, 1.375300e+02
1.000000e+02, 1.346800e+02
1.000000e+02, 1.318400e+02
1.000000e+02, 1.290200e+02
1.000000e+02, 1.262200e+02
1.000000e+02, 1.234400e+02
1.000000e+02, 1.206800e+02
1.000000e+02, 1.179400e+02
1.000000e+02, 1.152100e+02
1.000000e+02, 1.125000e+02
1.000000e+02, 1.098100e+02
1.000000e+02, 1.071400e+02
1.000000e+02, 1.044800e+02
1.000000e+02, 1.018400e+02
1.000000e+02, 9.922000e+01
1.000000e+02, 9.662000e+01
1.000000e+02, 9.404000e+01
1.000000e+02, 9.148000e+01
1.000000e+02, 8.893000e+01
1.000000e+02, 8.640000e+01
1.000000e+02, 8.389000e+01
1.000000e+02, 8.140000e+01
1.000000e+02, 7.892000e+01
1.000000e+02, 7.646000e+01
1.000000e+02, 7.403000e+01
1.000000e+02, 7.160000e+01
1.000000e+02, 6.920000e+01
1.000000e+02, 6.682000e+01
1.000000e+02, 6.445000e+01
1.000000e+02, 6.210000e+01
1.000000e+02, 5.977000e+01
1.000000e+02, 5.746000e+01
1.000000e+02, 5.516000e+01
1.000000e+02, 5.288000e+01
1.000000e+02, 5.062000e+01
1.000000e+02, 4.838000e+01
1.000000e+02, 4.616000e+01
1.000000e+02, 4.396000e+01
1.000000e+02, 4.177000e+01
1.000000e+02, 3.960000e+01
1.000000e+02, 3.745000e+01
1.000000e+02, 3.532000e+01
1.000000e+02, 3.320000e+01
1.000000e+02, 3.110000e+01
1.000000e+02, 2.903000e+01
1.000000e+02, 2.696000e+01
1.000000e+02, 2.492000e+01
1.000000e+02, 2.290000e+01
1.000000e+02, 2.089000e+01
1.000000e+02, 1.890000e+01
1.000000e+02, 1.693000e+01
1.000000e+02, 1.498000e+01
1.000000e+02, 1.304000e+01
1.000000e+02, 1.112000e+01
1.000000e+02, 9.220000e+00
1.000000e+02, 7.340000e+00
1.000000e+02, 5.480000e+00
1.000000e+02, 3.640000e+00
1.000000e+02, 1.810000e+00
1.000000e+02, 3.600000e+02
1.000000e+02, 3.582100e+02
1.000000e+02, 3.564400e+02
1.000000e+02, 3.546800e+02
1.000000e+02, 3.529400e+02
1.000000e+02, 3.512200e+02
1.000000e+02, 3.495200e+02
1.000000e+02, 3.478400e+02
1.000000e+02, 3.461800e+02
1.000000e+02, 3.445300e+02
1.000000e+02, 3.429000e+02
1.000000e+02, 3.412900e+02
1.000000e+02, 3.397000e+02
1.000000e+02, 3.381200e+02
1.000000e+02, 3.365600e+02
1.000000e+02, 3.350300e+02
1.000000e+02, 3.335000e+02
1.000000e+02, 3.320000e+02
1.000000e+02, 3.305200e+02
1.000000e+02, 3.290500e+02
1.000000e+02, 3.276000e+02
1.000000e+02, 3.261700e+02
1.000000e+02, 3.247600e+02
1.000000e+02, 3.233600e+02
1.000000e+02, 3.219800e+02
1.000000e+02, 3.206200e+02
1.000000e+02, 3.192800e+02
1.000000e+02, 3.179600e+02
1.000000e+02, 3.166600e+02
1.000000e+02, 3.153700e+02
1.000000e+02, 3.141000e+02
1.000000e+02, 3.128500e+02
1.000000e+02, 3.116200e+02
1.000000e+02, 3.104000e+02
1.000000e+02, 3.092000e+02
1.000000e+02, 3.080300e+02
1.000000e+02, 3.068600e+02
1.000000e+02, 3.057200e+02
1.000000e+02, 3.046000e+02
1.000000e+02, 3.034900e+02
1.000000e+02, 3.024000e+02
1.000000e+02, 3.013300e+02
1.000000e+02, 3.002800e+02
1.000000e+02, 2.992400e+02
1.000000e+02, 2.982200e+02
1.000000e+02, 2.972200e+02
1.000000e+02, 2.962400e+02
1.000000e+02, 2.952800e+02
1.000000e+02, 2.943400e+02
1.000000e+02, 2.934100e+02
1.000000e+02, 2.925000e+02
1.000000e+02, 2.916100e+02
1.000000e+02, 2.907400e+02
1.000000e+02, 2.898800e+02
1.000000e+02, 2.890400e+02
1.000000e+02, 2.882200e+02
1.000000e+02, 2.874200e+02
1.000000e+02, 2.866400e+02
1.000000e+02, 2.858800e+02
1.000000e+02, 2.851300e+02
1.000000e+02, 2.844000e+02
1.000000e+02, 2.836900e+02
1.000000e+02, 2.830000e+02
1.000000e+02, 2.823200e+02
1.000000e+02, 2.816600e+02
1.000000e+02, 2.810300e+02
1.000000e+02, 2.804000e+02
1.000000e+02, 2.798000e+02
1.000000e+02, 2.792200e+02
1.000000e+02, 2.786500e+02
1.000000e+02, 2.781000e+02
1.000000e+02, 2.775700e+02
1.000000e+02, 2.770600e+02
1.000000e+02, 2.765600e+02
1.000000e+02, 2.760800e+02
1.000000e+02, 2.756200e+02
1.000000e+02, 2.751800e+02
1.000000e+02, 2.747600e+02
1.000000e+02, 2.743600e+02
1.000000e+02, 2.739700e+02
1.000000e+02, 2.736000e+02
1.000000e+02, 2.732500e+02
1.000000e+02, 2.729200e+02
1.000000e+02, 2.726000e+02
1.000000e+02, 2.723000e+02
1.000000e+02, 2.720300e+02
1.000000e+02, 2.717600e+02
1.000000e+02, 2.715200e+02
1.000000e+02, 2.713000e+02
1.000000e+02, 2.710900e+02
1.000000e+02, 2.709000e+02
1.000000e+02, 2.707300e+02
1.000000e+02, 2.705800e+02
1.000000e+02, 2.704400e+02
1.000000e+02, 2.703200e+02
1.000000e+02, 2.702200e+02
1.000000e+02, 2.701400e+02
1.000000e+02, 2.700800e+02
1.000000e+02, 2.700400e+02
1.000000e+02, 2.700100e+02
1.000000e+02, 2.700000e+02
1.000000e+02, 2.700100e+02
1.000000e+02, 2.700400e+02
1.000000e+02, 2.700800e+02
1.000000e+02, 2.701400e+02
1.000000e+02, 2.702200e+02
1.000000e+02, 2.703200e+02
1.000000e+02, 2.704400e+02
1.000000e+02, 2.705800e+02
1.000000e+02, 2.707300e+02
1.000000e+02, 2.709000e+02
1.000000e+02, 2.710900e+02
1.000000e+02, 2.713000e+02
1.000000e+02, 2.715200e+02
1.000000e+02, 2.717600e+02
1.000000e+02, 2.720300e+02
1.000000e+02, 2.723000e+02
1.000000e+02, 2.726000e+02
1.000000e+02, 2.729200e+02
1.000000e+02, 2.732500e+02
1.000000e+02, 2.736000e+02
1.000000e+02, 2.739700e+02
1.000000e+02, 2.743600e+02
1.000000e+02, 2.747600e+02
1.000000e+02, 2.751800e+02
1.000000e+02, 2.756200e+02
1.000000e+02, 2.760800e+02
1.000000e+02, 2.765600e+02
1.000000e+02, 2.770600e+02
1.000000e+02, 2.775700e+02
1.000000e+02, 2.781000e+02
1.000000e+02, 2.786500e+02
1.000000e+02, 2.792200e+02
1.000000e+02, 2.798000e+02
1.000000e+02, 2.804000e+02
1.000000e+02, 2.810300e+02
1.000000e+02, 2.816600e+02
1.000000e+02, 2.823200e+02
1.000000e+02, 2.830000e+02
1.000000e+02, 2.836900e+02
1.000000e+02, 2.844000e+02
1.000000e+02, 2.851300e+02
1.000000e+02, 2.858800e+02
1.000000e+02, 2.866400e+02
1.000000e+02, 2.874200e+02
1.000000e+02, 2.882200e+02
1.000000e+02, 2.890400e+02
1.000000e+02, 2.898800e+02
1.000000e+02, 2.907400e+02
1.000000e+02, 2.916100e+02
1.000000e+02, 2.925000e+02
1.000000e+02, 2.934100e+02
1.000000e+02, 2.943400e+02
1.000000e+02, 2.952800e+02
1.000000e+02, 2.962400e+02
1.000000e+02, 2.972200e+02
1.000000e+02, 2.982200e+02
1.000000e+02, 2.992400e+02
1.000000e+02, 3.002800e+02
1.000000e+02, 3.013300e+02
1.000000e+02, 3.024000e+02
1.000000e+02, 3.034900e+02
1.000000e+02, 3.046000e+02
1.000000e+02, 3.057200e+02
1.000000e+02, 3.068600e+02
1.000000e+02, 3.080300e+02
1.000000e+02, 3.092000e+02
1.000000e+02, 3.104000e+02
1.000000e+02, 3.116200e+02
1.000000e+02, 3.128500e+02
1.000000e+02, 3.141000e+02
1.000000e+02, 3.153700e+02
1.000000e+02, 3.166600e+02
1.000000e+02, 3.179600e+02
1.000000e+02, 3.192800e+02
1.000000e+02, 3.206200e+02
1.000000e+02, 3.219800e+02
1.000000e+02, 3.233600e+02
1.000000e+02, 3.247600e+02
1.000000e+02, 3.261700e+02
1.000000e+02, 3.276000e+02
1.000000e+02, 3.290500e+02
1.000000e+02, 3.305200e+02
1.000000e+02, 3.320000e+02
1.000000e+02, 3.335000e+02
1.000000e+02, 3.350300e+02
1.000000e+02, 3.365600e+02
1.000000e+02, 3.381200e+02
1.000000e+02, 3.397000e+02
1.000000e+02, 3.412900e+02
1.000000e+02, 3.429000e+02
1.000000e+02, 3.445300e+02
1.000000e+02, 3.461800e+02
1.000000e+02, 3.478400e+02
1.000000e+02, 3.495200e+02
1.000000e+02, 3.512200e+02
1.000000e+02, 3.529400e+02
1.000000e+02, 3.546800e+02
1.000000e+02, 3.564400e+02
1.000000e+02, 3.582100e+02
1.000000e+02, 3.600000e+02
1.000000e+02, 1.810000e+00
1.000000e+02, 3.640000e+00
1.000000e+02, 5.480000e+00
1.000000e+02, 7.340000e+00
1.000000e+02, 9.220000e+00
1.000000e+02, 1.112000e+01
1.000000e+02, 1.304000e+01
1.000000e+02, 1.498000e+01
1.000000e+02, 1.693000e+01
1.000000e+02, 1.890000e+01
1.000000e+02, 2.089000e+01
1.000000e+02, 2.290000e+01
1.000000e+02, 2.492000e+01
1.000000e+02, 2.696000e+01
1.000000e+02, 2.903000e+01
1.000000e+02, 3.110000e+01
1.000000e+02, 3.320000e+01
1.000000e+02, 3.532000e+01
1.000000e+02, 3.745000e+01
1.000000e+02, 3.960000e+01
1.000000e+02, 4.177000e+01
1.000000e+02, 4.396000e+01
1.000000e+02, 4.616000e+01
1.000000e+02, 4.838000e+01
1.000000e+02, 5.062000e+01
1.000000e+02, 5.288000e+01
1.000000e+02, 5.516000e+01
1.000000e+02, 5.746000e+01
1.000000e+02, 5.977000e+01
1.000000e+02, 6.210000e+01
1.000000e+02, 6.445000e+01
1.000000e+02, 6.682000e+01
1.000000e+02, 6.920000e+01
1.000000e+02, 7.160000e+01
1.000000e+02, 7.403000e+01
1.000000e+02, 7.646000e+01
1.000000e+02, 7.892000e+01
1.000000e+02, 8.140000e+01
1.000000e+02, 8.389000e+01
1.000000e+02, 8.640000e+01
1.000000e+02, 8.893000e+01
1.000000e+02, 9.148000e+01
1.000000e+02, 9.404000e+01
1.000000e+02, 9.662000e+01
1.000000e+02, 9.922000e+01
1.000000e+02, 1.018400e+02
1.000000e+02, 1.044800e+02
1.000000e+02, 1.071400e+02
1.000000e+02, 1.098100e+02
1.000000e+02, 1.125000e+02
1.000000e+02, 1.152100e+02
1.000000e+02, 1.179400e+02
1.000000e+02, 1.206800e+02
1.000000e+02, 1.234400e+02
1.000000e+02, 1.262200e+02
1.000000e+02, 1.290200e+02
1.000000e+02, 1.318400e+02
1.000000e+02, 1.346800e+02
1.000000e+02, 1.375300e+02
1.000000e+02, 1.404000e+02
1.000000e+02, 1.432900e+02
1.000000e+02, 1.462000e+02
1.000000e+02, 1.491200e+02
1.000000e+02, 1.520600e+02
1.000000e+02, 1.550300e+02
1.000000e+02, 1.580000e+02
1.000000e+02, 1.610000e+02
1.000000e+02, 1.640200e+02
1.000000e+02, 1.670500e+02
1.000000e+02, 1.701000e+02
1.000000e+02, 1.731700e+02
1.000000e+02, 1.762600e+02
1.000000e+02, 1.793600e+02
1.000000e+02, 1.824800e+02
1.000000e+02, 1.856200e+02
1.000000e+02, 1.887800e+02
1.000000e+02, 1.919600e+02
1.000000e+02, 1.951600e+02
1.000000e+02, 1.983700e+02
1.000000e+02, 2.016000e+02
1.000000e+02, 2.048500e+02
1.000000e+02, 2.081200e+02
1.000000e+02, 2.114000e+02
1.000000e+02, 2.147000e+02
1.000000e+02, 2.180300e+02
1.000000e+02, 2.213600e+02
1.000000e+02, 2.247200e+02
1.000000e+02, 2.281000e+02
1.000000e+02, 2.314900e+02
1.000000e+02, 2.349000e+02
1.000000e+02, 2.383300e+02
1.000000e+02, 2.417800e+02
1.000000e+02, 2.452400e+02
1.000000e+02, 2.487200e+02
1.000000e+02, 2.522200e+02
1.000000e+02, 2.557400e+02
1.000000e+02, 2.592800e+02
1.000000e+02, 2.628400e+02
1.000000e+02, 2.664100e+02
1.000000e+02, 2.700000e+02
1.000000e+02, 2.736100e+02
1.000000e+02, 2.772400e+02
1.000000e+02, 2.808800e+02
1.000000e+02, 2.845400e+02
1.000000e+02, 2.882200e+02
1.000000e+02, 2.919200e+02
1.000000e+02, 2.956400e+02
1.000000e+02, 2.993800e+02
1.000000e+02, 3.031300e+02
1.000000e+02, 3.069000e+02
1.000000e+02, 3.106900e+02
1.000000e+02, 3.145000e+02
1.000000e+02, 3.183200e+02
1.000000e+02, 3.221600e+02
1.000000e+02, 3.260300e+02
1.000000e+02, 3.299000e+02
1.000000e+02, 3.338000e+02
1.000000e+02, 3.377200e+02
1.000000e+02, 3.416500e+02
1.000000e+02, 3.456000e+02
1.000000e+02, 3.495700e+02
1.000000e+02, 3.535600e+02
1.000000e+02, 3.575600e+02
1.000000e+02, 1.580000e+00
1.000000e+02, 5.620000e+00
1.000000e+02, 9.680000e+00
1.000000e+02, 1.376000e+01
1.000000e+02, 1.786000e+01
1.000000e+02, 2.197000e+01
1.000000e+02, 2.610000e+01
1.000000e+02, 3.025000e+01
1.000000e+02, 3.442000e+01
1.000000e+02, 3.860000e+01
1.000000e+02, 4.280000e+01
1.000000e+02, 4.703000e+01
1.000000e+02, 5.126000e+01
1.000000e+02, 5.552000e+01
1.000000e+02, 5.980000e+01
1.000000e+02, 6.409000e+01
1.000000e+02, 6.840000e+01
1.000000e+02, 7.273000e+01
1.000000e+02, 7.708000e+01
1.000000e+02, 8.144000e+01
1.000000e+02, 8.582000e+01
1.000000e+02, 9.022000e+01
1.000000e+02, 9.464000e+01
1.000000e+02, 9.908000e+01
1.000000e+02, 1.035400e+02
1.000000e+02, 1.080100e+02
1.000000e+02, 1.125000e+02
1.000000e+02, 1.170100e+02
1.000000e+02, 1.215400e+02
1.000000e+02, 1.260800e+02
1.000000e+02, 1.306400e+02
1.000000e+02, 1.352200e+02
1.000000e+02, 1.398200e+02
1.000000e+02, 1.444400e+02
1.000000e+02, 1.490800e+02
1.000000e+02, 1.537300e+02
1.000000e+02, 1.584000e+02
1.000000e+02, 1.630900e+02
1.000000e+02, 1.678000e+02
1.000000e+02, 1.725200e+02
1.000000e+02, 1.772600e+02
1.000000e+02, 1.820300e+02
1.000000e+02, 1.868000e+02
1.000000e+02, 1.916000e+02
1.000000e+02, 1.964200e+02
1.000000e+02, 2.012500e+02
1.000000e+02, 2.061000e+02
1.000000e+02, 2.109700e+02
1.000000e+02, 2.158600e+02
1.000000e+02, 2.207600e+02
1.000000e+02, 2.256800e+02
1.000000e+02, 2.306200e+02
1.000000e+02, 2.355800e+02
1.000000e+02, 2.405600e+02
1.000000e+02, 2.455600e+02
1.000000e+02, 2.505700e+02
1.000000e+02, 2.556000e+02
1.000000e+02, 2.606500e+02
1.000000e+02, 2.657200e+02
1.000000e+02, 2.708000e+02
1.000000e+02, 2.759000e+02
1.000000e+02, 2.810300e+02
1.000000e+02, 2.861600e+02
1.000000e+02, 2.913200e+02
1.000000e+02, 2.965000e+02
1.000000e+02, 3.016900e+02
1.000000e+02, 3.069000e+02
1.000000e+02, 3.121300e+02
1.000000e+02, 3.173800e+02
1.000000e+02, 3.226400e+02
1.000000e+02, 3.279200e+02
1.000000e+02, 3.332200e+02
1.000000e+02, 3.385400e+02
1.000000e+02, 3.438800e+02
1.000000e+02, 3.492400e+02
1.000000e+02, 3.546100e+02
1.000000e+02, 3.600000e+02
1.000000e+02, 5.410000e+00
1.000000e+02, 1.084000e+01
1.000000e+02, 1.628000e+01
1.000000e+02, 2.174000e+01
1.000000e+02, 2.722000e+01
1.000000e+02, 3.272000e+01
1.000000e+02, 3.824000e+01
1.000000e+02, 4.378000e+01
1.000000e+02, 4.933000e+01
1.000000e+02, 5.490000e+01
1.000000e+02, 6.049000e+01
1.000000e+02, 6.610000e+01
1.000000e+02, 7.172000e+01
1.000000e+02, 7.736000e+01
1.000000e+02, 8.303000e+01
1.000000e+02, 8.870000e+01
1.000000e+02, 9.440000e+01
1.000000e+02, 1.001200e+02
1.000000e+02, 1.058500e+02
1.000000e+02, 1.116000e+02
1.000000e+02, 1.173700e+02
1.000000e+02, 1.231600e+02
1.000000e+02, 1.289600e+02
1.000000e+02, 1.347800e+02
1.000000e+02, 1.406200e+02
1.000000e+02, 1.464800e+02
1.000000e+02, 1.523600e+02
1.000000e+02, 1.582600e+02
1.000000e+02, 1.641700e+02
1.000000e+02, 1.701000e+02
1.000000e+02, 1.760500e+02
1.000000e+02, 1.820200e+02
1.000000e+02, 1.880000e+02
1.000000e+02, 1.940000e+02
1.000000e+02, 2.000300e+02
1.000000e+02, 2.060600e+02
1.000000e+02, 2.121200e+02
1.000000e+02, 2.182000e+02
1.000000e+02, 2.242900e+02
1.000000e+02, 2.304000e+02
1.000000e+02, 2.365300e+02
1.000000e+02, 2.426800e+02
1.000000e+02, 2.488400e+02
1.000000e+02, 2.550200e+02
9.999000e+01, 2.612200e+02
9.999000e+01, 2.674400e+02
9.999000e+01, 2.736800e+02
9.999000e+01, 2.799400e+02
9.999000e+01, 2.862100e+02
9.999000e+01, 2.925000e+02
9.999000e+01, 2.988100e+02
9.999000e+01, 3.051400e+02
9.999000e+01, 3.114800e+02
9.998000e+01, 3.178400e+02
9.998000e+01, 3.242200e+02
9.998000e+01, 3.306200e+02
9.998000e+01, 3.370400e+02
9.997000e+01, 3.434800e+02
9.997000e+01, 3.499300e+02
9.997000e+01, 3.564000e+02
9.996000e+01, 2.890000e+00
9.996000e+01, 9.400000e+00
9.995000e+01, 1.592000e+01
9.995000e+01, 2.246000e+01
9.994000e+01, 2.903000e+01
9.993000e+01, 3.560000e+01
9.993000e+01, 4.220000e+01
9.992000e+01, 4.882000e+01
9.991000e+01, 5.545000e+01
9.990000e+01, 6.210000e+01
9.988000e+01, 6.877000e+01
9.987000e+01, 7.546000e+01
9.986000e+01, 8.216000e+01
9.984000e+01, 8.888000e+01
9.982000e+01, 9.562000e+01
9.980000e+01, 1.023800e+02
9.978000e+01, 1.091600e+02
9.976000e+01, 1.159600e+02
9.973000e+01, 1.227700e+02
9.970000e+01, 1.296000e+02
9.967000e+01, 1.364500e+02
9.964000e+01, 1.433200e+02
9.960000e+01, 1.502000e+02
9.956000e+01, 1.571000e+02
9.952000e+01, 1.640200e+02
9.947000e+01, 1.709600e+02
9.942000e+01, 1.779200e+02
9.936000e+01, 1.849000e+02
9.930000e+01, 1.918900e+02
9.924000e+01, 1.989000e+02
9.916000e+01, 2.059300e+02
9.909000e+01, 2.129800e+02
9.900000e+01, 2.200400e+02
9.891000e+01, 2.271200e+02
9.881000e+01, 2.342300e+02
9.871000e+01, 2.413400e+02
9.859000e+01, 2.484800e+02
9.847000e+01, 2.556400e+02
9.834000e+01, 2.628100e+02
9.819000e+01, 2.700000e+02
9.804000e+01, 2.772100e+02
9.788000e+01, 2.844400e+02
9.770000e+01, 2.916800e+02
9.751000e+01, 2.989400e+02
9.731000e+01, 3.062300e+02
9.710000e+01, 3.135200e+02
9.687000e+01, 3.208400e+02
9.663000e+01, 3.281800e+02
9.637000e+01, 3.355300e+02
9.609000e+01, 3.429000e+02
9.579000e+01, 3.502900e+02
9.548000e+01, 3.577000e+02
9.515000e+01, 5.120000e+00
9.480000e+01, 1.256000e+01
9.442000e+01, 2.002000e+01
9.403000e+01, 2.750000e+01
9.361000e+01, 3.500000e+01
9.317000e+01, 4.252000e+01
9.271000e+01, 5.005000e+01
9.222000e+01, 5.760000e+01
9.171000e+01, 6.517000e+01
9.116000e+01, 7.276000e+01
9.059000e+01, 8.036000e+01
9.000000e+01, 8.798000e+01
8.937000e+01, 9.562000e+01
8.871000e+01, 1.032800e+02
8.803000e+01, 1.109600e+02
8.731000e+01, 1.186600e+02
8.656000e+01, 1.263700e+02
8.578000e+01, 1.341000e+02
8.496000e+01, 1.418500e+02
8.411000e+01, 1.496200e+02
8.323000e+01, 1.574000e+02
8.231000e+01, 1.652000e+02
8.136000e+01, 1.730200e+02
8.037000e+01, 1.808600e+02
7.935000e+01, 1.887200e+02
7.829000e+01, 1.966000e+02
7.719000e+01, 2.044900e+02
7.606000e+01, 2.124000e+02
7.490000e+01, 2.203300e+02
7.370000e+01, 2.282800e+02
7.246000e+01, 2.362400e+02
7.119000e+01, 2.442200e+02
6.989000e+01, 2.522300e+02
6.855000e+01, 2.602400e+02
6.718000e+01, 2.682800e+02
6.578000e+01, 2.763400e+02
6.434000e+01, 2.844100e+02
6.288000e+01, 2.925000e+02
6.139000e+01, 3.006100e+02
5.987000e+01, 3.087400e+02
5.832000e+01, 3.168800e+02
5.675000e+01, 3.250400e+02
5.516000e+01, 3.332300e+02
5.355000e+01, 3.414200e+02
5.191000e+01, 3.496400e+02
5.026000e+01, 3.578800e+02
4.860000e+01, 6.130000e+00
4.692000e+01, 1.440000e+01
4.523000e+01, 2.269000e+01
4.353000e+01, 3.100000e+01
4.182000e+01, 3.932000e+01
4.011000e+01, 4.766000e+01
3.840000e+01, 5.602000e+01
3.670000e+01, 6.440000e+01
3.499000e+01, 7.280000e+01
3.330000e+01, 8.122000e+01
3.161000e+01, 8.965000e+01
2.994000e+01, 9.810000e+01
2.829000e+01, 1.065700e+02
2.665000e+01, 1.150600e+02
2.503000e+01, 1.235600e+02
2.345000e+01, 1.320800e+02
2.189000e+01, 1.406200e+02
2.036000e+01, 1.491800e+02
1.886000e+01, 1.577600e+02
1.741000e+01, 1.663600e+02
1.599000e+01, 1.749700e+02
1.462000e+01, 1.836000e+02
1.329000e+01, 1.922500e+02
1.201000e+01, 2.009200e+02
1.079000e+01, 2.096000e+02
9.620000e+00, 2.183000e+02
8.500000e+00, 2.270300e+02
7.450000e+00, 2.357600e+02
6.460000e+00, 2.445200e+02
5.530000e+00, 2.533000e+02
4.670000e+00, 2.620900e+02
3.870000e+00, 2.709000e+02
3.150000e+00, 2.797300e+02
2.500000e+00, 2.885800e+02
1.920000e+00, 2.974400e+02
1.410000e+00, 3.063200e+02
9.800000e-01, 3.152300e+02
6.300000e-01, 3.241400e+02
3.500000e-01, 3.330800e+02
1.600000e-01, 3.420400e+02
4.000000e-02, 3.510100e+02
0.000000e+00, 3.600000e+02
##END= 
