##TITLE= Parameter file, TopSpin 4.1.1
##JCAMPDX= 5.0
##DATATYPE= Parameter Values
##ORIGIN= Bruker BioSpin GmbH
##OWNER= p_keil01
$$ 2021-03-11 15:12:13.685 +0100  p_keil01@neo500
$$ /opt/topspin4.1.1/exp/stan/nmr/lists/wave/user/wurst.jk
$$ process /opt/topspin4.1.1/prog/mod/xwinshape
##MINX= 0.00000000
##MAXX= 100.00000000
##MINY= 0.63520300
##MAXY= 359.99620300
##$SHAPE_ADDPHASE= 0
##$SHAPE_AMP= 100
##$SHAPE_BWFAC= 106.63
##$SHAPE_BWFAC50= 0
##$SHAPE_CALCBW= yes
##$SHAPE_CALCINTEG= yes
##$SHAPE_EXMODE= <Adiabatic>
##$SHAPE_EXPAND= <>
##$SHAPE_EXPANDCF= (0..143)
0 0 0 0 0 0 0 0 0 0 0 0 0 0 0 0 0 0 0 0 0 0 0 0 0 0 0 0 0 0 0 0 0 0 0 0
0 0 0 0 0 0 0 0 0 0 0 0 0 0 0 0 0 0 0 0 0 0 0 0 0 0 0 0 0 0 0 0 0 0 0 0
0 0 0 0 0 0 0 0 0 0 0 0 0 0 0 0 0 0 0 0 0 0 0 0 0 0 0 0 0 0 0 0 0 0 0 0
0 0 0 0 0 0 0 0 0 0 0 0 0 0 0 0 0 0 0 0 0 0 0 0 0 0 0 0 0 0 0 0 0 0 0 0
##$SHAPE_EXPFAC= 0
##$SHAPE_FRACEND= 0
##$SHAPE_FRACORG= 0
##$SHAPE_FRACSTART= 0
##$SHAPE_INTEGFAC= 0.0381371347026441
##$SHAPE_KEEPRES= yes
##$SHAPE_LENGTH= 80
##$SHAPE_MAN= <>
##$SHAPE_MODE= 0
##$SHAPE_MODFREQ= 0
##$SHAPE_MODPHASE= 0
##$SHAPE_MODSCALE= 0
##$SHAPE_MODSW= 0
##$SHAPE_MODSWDIR= -1
##$SHAPE_NPOINTS= 1600
##$SHAPE_OFFS= <>
##$SHAPE_OFFSCOEFF= (0..95)
0 0 0 0 0 0 0 0 0 0 0 0 0 0 0 0 0 0 0 0 0 0 0 0 0 0 0 0 0 0 0 0 0 0 0 0
0 0 0 0 0 0 0 0 0 0 0 0 0 0 0 0 0 0 0 0 0 0 0 0 0 0 0 0 0 0 0 0 0 0 0 0
0 0 0 0 0 0 0 0 0 0 0 0 0 0 0 0 0 0 0 0 0 0 0 0
##$SHAPE_PARAMETER= <>
##$SHAPE_REPHFAC= 0
##$SHAPE_RES= 0
##$SHAPE_SCALEFAC= 1
##$SHAPE_SCALETYPE= 0
##$SHAPE_SPOAL= 0
##$SHAPE_SPOFFS= 0
##$SHAPE_SPOPH= 0
##$SHAPE_TOTROT= 180
##$SHAPE_TYPE= <Inversion>
##$SHAPE_USER_DEF= 0
##$SHAPE_VERSION= 2.1
##$SHL_ADDPHASE= (0..15)
0 0 0 0 0 0 0 0 0 0 0 0 0 0 0 0
##$SHL_ALIGNOFFSET= (0..15)
0 0 0 0 0 0 0 0 0 0 0 0 0 0 0 0
##$SHL_AMP= (0..15)
100 0 0 0 0 0 0 0 0 0 0 0 0 0 0 0
##$SHL_AMPFAC= (0..15)
0 0 0 0 0 0 0 0 0 0 0 0 0 0 0 0
##$SHL_BETA= (0..15)
0 0 0 0 0 0 0 0 0 0 0 0 0 0 0 0
##$SHL_BWFAC= (0..15)
106.63 0 0 0 0 0 0 0 0 0 0 0 0 0 0 0
##$SHL_CALCBW= (0..15)
yes yes yes yes yes yes yes yes yes yes yes yes yes yes yes yes
##$SHL_CALCINTEG= (0..15)
yes yes yes yes yes yes yes yes yes yes yes yes yes yes yes yes
##$SHL_CENTERAMP= (0..15)
0 0 0 0 0 0 0 0 0 0 0 0 0 0 0 0
##$SHL_CYCNUM= (0..15)
0 0 0 0 0 0 0 0 0 0 0 0 0 0 0 0
##$SHL_DIPOLCPL= (0..15)
0 0 0 0 0 0 0 0 0 0 0 0 0 0 0 0
##$SHL_ENDAMP= (0..15)
0 0 0 0 0 0 0 0 0 0 0 0 0 0 0 0
##$SHL_EXMODE= (0..15)
<Adiabatic> <> <> <> <> <> <> <> <> <> <> <> <> <> <> <>
##$SHL_EXPAND= (0..15)
<> <> <> <> <> <> <> <> <> <> <> <> <> <> <> <>
##$SHL_EXPANDCF0= (0..143)
0 0 0 0 0 0 0 0 0 0 0 0 0 0 0 0 0 0 0 0 0 0 0 0 0 0 0 0 0 0 0 0 0 0 0 0
0 0 0 0 0 0 0 0 0 0 0 0 0 0 0 0 0 0 0 0 0 0 0 0 0 0 0 0 0 0 0 0 0 0 0 0
0 0 0 0 0 0 0 0 0 0 0 0 0 0 0 0 0 0 0 0 0 0 0 0 0 0 0 0 0 0 0 0 0 0 0 0
0 0 0 0 0 0 0 0 0 0 0 0 0 0 0 0 0 0 0 0 0 0 0 0 0 0 0 0 0 0 0 0 0 0 0 0
##$SHL_EXPANDCF1= (0..143)
0 0 0 0 0 0 0 0 0 0 0 0 0 0 0 0 0 0 0 0 0 0 0 0 0 0 0 0 0 0 0 0 0 0 0 0
0 0 0 0 0 0 0 0 0 0 0 0 0 0 0 0 0 0 0 0 0 0 0 0 0 0 0 0 0 0 0 0 0 0 0 0
0 0 0 0 0 0 0 0 0 0 0 0 0 0 0 0 0 0 0 0 0 0 0 0 0 0 0 0 0 0 0 0 0 0 0 0
0 0 0 0 0 0 0 0 0 0 0 0 0 0 0 0 0 0 0 0 0 0 0 0 0 0 0 0 0 0 0 0 0 0 0 0
##$SHL_EXPANDCF10= (0..143)
0 0 0 0 0 0 0 0 0 0 0 0 0 0 0 0 0 0 0 0 0 0 0 0 0 0 0 0 0 0 0 0 0 0 0 0
0 0 0 0 0 0 0 0 0 0 0 0 0 0 0 0 0 0 0 0 0 0 0 0 0 0 0 0 0 0 0 0 0 0 0 0
0 0 0 0 0 0 0 0 0 0 0 0 0 0 0 0 0 0 0 0 0 0 0 0 0 0 0 0 0 0 0 0 0 0 0 0
0 0 0 0 0 0 0 0 0 0 0 0 0 0 0 0 0 0 0 0 0 0 0 0 0 0 0 0 0 0 0 0 0 0 0 0
##$SHL_EXPANDCF11= (0..143)
0 0 0 0 0 0 0 0 0 0 0 0 0 0 0 0 0 0 0 0 0 0 0 0 0 0 0 0 0 0 0 0 0 0 0 0
0 0 0 0 0 0 0 0 0 0 0 0 0 0 0 0 0 0 0 0 0 0 0 0 0 0 0 0 0 0 0 0 0 0 0 0
0 0 0 0 0 0 0 0 0 0 0 0 0 0 0 0 0 0 0 0 0 0 0 0 0 0 0 0 0 0 0 0 0 0 0 0
0 0 0 0 0 0 0 0 0 0 0 0 0 0 0 0 0 0 0 0 0 0 0 0 0 0 0 0 0 0 0 0 0 0 0 0
##$SHL_EXPANDCF12= (0..143)
0 0 0 0 0 0 0 0 0 0 0 0 0 0 0 0 0 0 0 0 0 0 0 0 0 0 0 0 0 0 0 0 0 0 0 0
0 0 0 0 0 0 0 0 0 0 0 0 0 0 0 0 0 0 0 0 0 0 0 0 0 0 0 0 0 0 0 0 0 0 0 0
0 0 0 0 0 0 0 0 0 0 0 0 0 0 0 0 0 0 0 0 0 0 0 0 0 0 0 0 0 0 0 0 0 0 0 0
0 0 0 0 0 0 0 0 0 0 0 0 0 0 0 0 0 0 0 0 0 0 0 0 0 0 0 0 0 0 0 0 0 0 0 0
##$SHL_EXPANDCF13= (0..143)
0 0 0 0 0 0 0 0 0 0 0 0 0 0 0 0 0 0 0 0 0 0 0 0 0 0 0 0 0 0 0 0 0 0 0 0
0 0 0 0 0 0 0 0 0 0 0 0 0 0 0 0 0 0 0 0 0 0 0 0 0 0 0 0 0 0 0 0 0 0 0 0
0 0 0 0 0 0 0 0 0 0 0 0 0 0 0 0 0 0 0 0 0 0 0 0 0 0 0 0 0 0 0 0 0 0 0 0
0 0 0 0 0 0 0 0 0 0 0 0 0 0 0 0 0 0 0 0 0 0 0 0 0 0 0 0 0 0 0 0 0 0 0 0
##$SHL_EXPANDCF14= (0..143)
0 0 0 0 0 0 0 0 0 0 0 0 0 0 0 0 0 0 0 0 0 0 0 0 0 0 0 0 0 0 0 0 0 0 0 0
0 0 0 0 0 0 0 0 0 0 0 0 0 0 0 0 0 0 0 0 0 0 0 0 0 0 0 0 0 0 0 0 0 0 0 0
0 0 0 0 0 0 0 0 0 0 0 0 0 0 0 0 0 0 0 0 0 0 0 0 0 0 0 0 0 0 0 0 0 0 0 0
0 0 0 0 0 0 0 0 0 0 0 0 0 0 0 0 0 0 0 0 0 0 0 0 0 0 0 0 0 0 0 0 0 0 0 0
##$SHL_EXPANDCF15= (0..143)
0 0 0 0 0 0 0 0 0 0 0 0 0 0 0 0 0 0 0 0 0 0 0 0 0 0 0 0 0 0 0 0 0 0 0 0
0 0 0 0 0 0 0 0 0 0 0 0 0 0 0 0 0 0 0 0 0 0 0 0 0 0 0 0 0 0 0 0 0 0 0 0
0 0 0 0 0 0 0 0 0 0 0 0 0 0 0 0 0 0 0 0 0 0 0 0 0 0 0 0 0 0 0 0 0 0 0 0
0 0 0 0 0 0 0 0 0 0 0 0 0 0 0 0 0 0 0 0 0 0 0 0 0 0 0 0 0 0 0 0 0 0 0 0
##$SHL_EXPANDCF2= (0..143)
0 0 0 0 0 0 0 0 0 0 0 0 0 0 0 0 0 0 0 0 0 0 0 0 0 0 0 0 0 0 0 0 0 0 0 0
0 0 0 0 0 0 0 0 0 0 0 0 0 0 0 0 0 0 0 0 0 0 0 0 0 0 0 0 0 0 0 0 0 0 0 0
0 0 0 0 0 0 0 0 0 0 0 0 0 0 0 0 0 0 0 0 0 0 0 0 0 0 0 0 0 0 0 0 0 0 0 0
0 0 0 0 0 0 0 0 0 0 0 0 0 0 0 0 0 0 0 0 0 0 0 0 0 0 0 0 0 0 0 0 0 0 0 0
##$SHL_EXPANDCF3= (0..143)
0 0 0 0 0 0 0 0 0 0 0 0 0 0 0 0 0 0 0 0 0 0 0 0 0 0 0 0 0 0 0 0 0 0 0 0
0 0 0 0 0 0 0 0 0 0 0 0 0 0 0 0 0 0 0 0 0 0 0 0 0 0 0 0 0 0 0 0 0 0 0 0
0 0 0 0 0 0 0 0 0 0 0 0 0 0 0 0 0 0 0 0 0 0 0 0 0 0 0 0 0 0 0 0 0 0 0 0
0 0 0 0 0 0 0 0 0 0 0 0 0 0 0 0 0 0 0 0 0 0 0 0 0 0 0 0 0 0 0 0 0 0 0 0
##$SHL_EXPANDCF4= (0..143)
0 0 0 0 0 0 0 0 0 0 0 0 0 0 0 0 0 0 0 0 0 0 0 0 0 0 0 0 0 0 0 0 0 0 0 0
0 0 0 0 0 0 0 0 0 0 0 0 0 0 0 0 0 0 0 0 0 0 0 0 0 0 0 0 0 0 0 0 0 0 0 0
0 0 0 0 0 0 0 0 0 0 0 0 0 0 0 0 0 0 0 0 0 0 0 0 0 0 0 0 0 0 0 0 0 0 0 0
0 0 0 0 0 0 0 0 0 0 0 0 0 0 0 0 0 0 0 0 0 0 0 0 0 0 0 0 0 0 0 0 0 0 0 0
##$SHL_EXPANDCF5= (0..143)
0 0 0 0 0 0 0 0 0 0 0 0 0 0 0 0 0 0 0 0 0 0 0 0 0 0 0 0 0 0 0 0 0 0 0 0
0 0 0 0 0 0 0 0 0 0 0 0 0 0 0 0 0 0 0 0 0 0 0 0 0 0 0 0 0 0 0 0 0 0 0 0
0 0 0 0 0 0 0 0 0 0 0 0 0 0 0 0 0 0 0 0 0 0 0 0 0 0 0 0 0 0 0 0 0 0 0 0
0 0 0 0 0 0 0 0 0 0 0 0 0 0 0 0 0 0 0 0 0 0 0 0 0 0 0 0 0 0 0 0 0 0 0 0
##$SHL_EXPANDCF6= (0..143)
0 0 0 0 0 0 0 0 0 0 0 0 0 0 0 0 0 0 0 0 0 0 0 0 0 0 0 0 0 0 0 0 0 0 0 0
0 0 0 0 0 0 0 0 0 0 0 0 0 0 0 0 0 0 0 0 0 0 0 0 0 0 0 0 0 0 0 0 0 0 0 0
0 0 0 0 0 0 0 0 0 0 0 0 0 0 0 0 0 0 0 0 0 0 0 0 0 0 0 0 0 0 0 0 0 0 0 0
0 0 0 0 0 0 0 0 0 0 0 0 0 0 0 0 0 0 0 0 0 0 0 0 0 0 0 0 0 0 0 0 0 0 0 0
##$SHL_EXPANDCF7= (0..143)
0 0 0 0 0 0 0 0 0 0 0 0 0 0 0 0 0 0 0 0 0 0 0 0 0 0 0 0 0 0 0 0 0 0 0 0
0 0 0 0 0 0 0 0 0 0 0 0 0 0 0 0 0 0 0 0 0 0 0 0 0 0 0 0 0 0 0 0 0 0 0 0
0 0 0 0 0 0 0 0 0 0 0 0 0 0 0 0 0 0 0 0 0 0 0 0 0 0 0 0 0 0 0 0 0 0 0 0
0 0 0 0 0 0 0 0 0 0 0 0 0 0 0 0 0 0 0 0 0 0 0 0 0 0 0 0 0 0 0 0 0 0 0 0
##$SHL_EXPANDCF8= (0..143)
0 0 0 0 0 0 0 0 0 0 0 0 0 0 0 0 0 0 0 0 0 0 0 0 0 0 0 0 0 0 0 0 0 0 0 0
0 0 0 0 0 0 0 0 0 0 0 0 0 0 0 0 0 0 0 0 0 0 0 0 0 0 0 0 0 0 0 0 0 0 0 0
0 0 0 0 0 0 0 0 0 0 0 0 0 0 0 0 0 0 0 0 0 0 0 0 0 0 0 0 0 0 0 0 0 0 0 0
0 0 0 0 0 0 0 0 0 0 0 0 0 0 0 0 0 0 0 0 0 0 0 0 0 0 0 0 0 0 0 0 0 0 0 0
##$SHL_EXPANDCF9= (0..143)
0 0 0 0 0 0 0 0 0 0 0 0 0 0 0 0 0 0 0 0 0 0 0 0 0 0 0 0 0 0 0 0 0 0 0 0
0 0 0 0 0 0 0 0 0 0 0 0 0 0 0 0 0 0 0 0 0 0 0 0 0 0 0 0 0 0 0 0 0 0 0 0
0 0 0 0 0 0 0 0 0 0 0 0 0 0 0 0 0 0 0 0 0 0 0 0 0 0 0 0 0 0 0 0 0 0 0 0
0 0 0 0 0 0 0 0 0 0 0 0 0 0 0 0 0 0 0 0 0 0 0 0 0 0 0 0 0 0 0 0 0 0 0 0
##$SHL_EXPFAC= (0..15)
0 0 0 0 0 0 0 0 0 0 0 0 0 0 0 0
##$SHL_FRACEND= (0..15)
0 0 0 0 0 0 0 0 0 0 0 0 0 0 0 0
##$SHL_FRACORG= (0..15)
0 0 0 0 0 0 0 0 0 0 0 0 0 0 0 0
##$SHL_FRACSTART= (0..15)
0 0 0 0 0 0 0 0 0 0 0 0 0 0 0 0
##$SHL_FULLHALF= (0..15)
0 0 0 0 0 0 0 0 0 0 0 0 0 0 0 0
##$SHL_FUNCAMP= (0..15)
0 0 0 0 0 0 0 0 0 0 0 0 0 0 0 0
##$SHL_FUNCTION= (0..15)
<Wurst> <> <> <> <> <> <> <> <> <> <> <> <> <> <> <>
##$SHL_GCO= (0..15)
<> <> <> <> <> <> <> <> <> <> <> <> <> <> <> <>
##$SHL_GCOCOEFFS0= (0..59)
0 0 0 0 0 0 0 0 0 0 0 0 0 0 0 0 0 0 0 0 0 0 0 0 0 0 0 0 0 0 0 0 0 0 0 0
0 0 0 0 0 0 0 0 0 0 0 0 0 0 0 0 0 0 0 0 0 0 0 0
##$SHL_GCOCOEFFS1= (0..59)
0 0 0 0 0 0 0 0 0 0 0 0 0 0 0 0 0 0 0 0 0 0 0 0 0 0 0 0 0 0 0 0 0 0 0 0
0 0 0 0 0 0 0 0 0 0 0 0 0 0 0 0 0 0 0 0 0 0 0 0
##$SHL_GCOCOEFFS10= (0..59)
0 0 0 0 0 0 0 0 0 0 0 0 0 0 0 0 0 0 0 0 0 0 0 0 0 0 0 0 0 0 0 0 0 0 0 0
0 0 0 0 0 0 0 0 0 0 0 0 0 0 0 0 0 0 0 0 0 0 0 0
##$SHL_GCOCOEFFS11= (0..59)
0 0 0 0 0 0 0 0 0 0 0 0 0 0 0 0 0 0 0 0 0 0 0 0 0 0 0 0 0 0 0 0 0 0 0 0
0 0 0 0 0 0 0 0 0 0 0 0 0 0 0 0 0 0 0 0 0 0 0 0
##$SHL_GCOCOEFFS12= (0..59)
0 0 0 0 0 0 0 0 0 0 0 0 0 0 0 0 0 0 0 0 0 0 0 0 0 0 0 0 0 0 0 0 0 0 0 0
0 0 0 0 0 0 0 0 0 0 0 0 0 0 0 0 0 0 0 0 0 0 0 0
##$SHL_GCOCOEFFS13= (0..59)
0 0 0 0 0 0 0 0 0 0 0 0 0 0 0 0 0 0 0 0 0 0 0 0 0 0 0 0 0 0 0 0 0 0 0 0
0 0 0 0 0 0 0 0 0 0 0 0 0 0 0 0 0 0 0 0 0 0 0 0
##$SHL_GCOCOEFFS14= (0..59)
0 0 0 0 0 0 0 0 0 0 0 0 0 0 0 0 0 0 0 0 0 0 0 0 0 0 0 0 0 0 0 0 0 0 0 0
0 0 0 0 0 0 0 0 0 0 0 0 0 0 0 0 0 0 0 0 0 0 0 0
##$SHL_GCOCOEFFS15= (0..59)
0 0 0 0 0 0 0 0 0 0 0 0 0 0 0 0 0 0 0 0 0 0 0 0 0 0 0 0 0 0 0 0 0 0 0 0
0 0 0 0 0 0 0 0 0 0 0 0 0 0 0 0 0 0 0 0 0 0 0 0
##$SHL_GCOCOEFFS2= (0..59)
0 0 0 0 0 0 0 0 0 0 0 0 0 0 0 0 0 0 0 0 0 0 0 0 0 0 0 0 0 0 0 0 0 0 0 0
0 0 0 0 0 0 0 0 0 0 0 0 0 0 0 0 0 0 0 0 0 0 0 0
##$SHL_GCOCOEFFS3= (0..59)
0 0 0 0 0 0 0 0 0 0 0 0 0 0 0 0 0 0 0 0 0 0 0 0 0 0 0 0 0 0 0 0 0 0 0 0
0 0 0 0 0 0 0 0 0 0 0 0 0 0 0 0 0 0 0 0 0 0 0 0
##$SHL_GCOCOEFFS4= (0..59)
0 0 0 0 0 0 0 0 0 0 0 0 0 0 0 0 0 0 0 0 0 0 0 0 0 0 0 0 0 0 0 0 0 0 0 0
0 0 0 0 0 0 0 0 0 0 0 0 0 0 0 0 0 0 0 0 0 0 0 0
##$SHL_GCOCOEFFS5= (0..59)
0 0 0 0 0 0 0 0 0 0 0 0 0 0 0 0 0 0 0 0 0 0 0 0 0 0 0 0 0 0 0 0 0 0 0 0
0 0 0 0 0 0 0 0 0 0 0 0 0 0 0 0 0 0 0 0 0 0 0 0
##$SHL_GCOCOEFFS6= (0..59)
0 0 0 0 0 0 0 0 0 0 0 0 0 0 0 0 0 0 0 0 0 0 0 0 0 0 0 0 0 0 0 0 0 0 0 0
0 0 0 0 0 0 0 0 0 0 0 0 0 0 0 0 0 0 0 0 0 0 0 0
##$SHL_GCOCOEFFS7= (0..59)
0 0 0 0 0 0 0 0 0 0 0 0 0 0 0 0 0 0 0 0 0 0 0 0 0 0 0 0 0 0 0 0 0 0 0 0
0 0 0 0 0 0 0 0 0 0 0 0 0 0 0 0 0 0 0 0 0 0 0 0
##$SHL_GCOCOEFFS8= (0..59)
0 0 0 0 0 0 0 0 0 0 0 0 0 0 0 0 0 0 0 0 0 0 0 0 0 0 0 0 0 0 0 0 0 0 0 0
0 0 0 0 0 0 0 0 0 0 0 0 0 0 0 0 0 0 0 0 0 0 0 0
##$SHL_GCOCOEFFS9= (0..59)
0 0 0 0 0 0 0 0 0 0 0 0 0 0 0 0 0 0 0 0 0 0 0 0 0 0 0 0 0 0 0 0 0 0 0 0
0 0 0 0 0 0 0 0 0 0 0 0 0 0 0 0 0 0 0 0 0 0 0 0
##$SHL_INTEGFAC= (0..15)
0.0381371347026619 0 0 0 0 0 0 0 0 0 0 0 0 0 0 0
##$SHL_LB= (0..15)
0 0 0 0 0 0 0 0 0 0 0 0 0 0 0 0
##$SHL_LEFTLIMIT= (0..15)
0 0 0 0 0 0 0 0 0 0 0 0 0 0 0 0
##$SHL_LENGTH= (0..15)
80 0 0 0 0 0 0 0 0 0 0 0 0 0 0 0
##$SHL_MAN= (0..15)
<> <> <> <> <> <> <> <> <> <> <> <> <> <> <> <>
##$SHL_MEANAMP= (0..15)
0 0 0 0 0 0 0 0 0 0 0 0 0 0 0 0
##$SHL_MODAMP= (0..15)
0 0 0 0 0 0 0 0 0 0 0 0 0 0 0 0
##$SHL_MODE= (0..15)
0 0 0 0 0 0 0 0 0 0 0 0 0 0 0 0
##$SHL_MODFREQ= (0..15)
0 0 0 0 0 0 0 0 0 0 0 0 0 0 0 0
##$SHL_MODPHASE= (0..15)
0 0 0 0 0 0 0 0 0 0 0 0 0 0 0 0
##$SHL_MODSCALE= (0..15)
0 0 0 0 0 0 0 0 0 0 0 0 0 0 0 0
##$SHL_MODSW= (0..15)
0 0 0 0 0 0 0 0 0 0 0 0 0 0 0 0
##$SHL_MODSWDIR= (0..15)
-1 -1 -1 -1 -1 -1 -1 -1 -1 -1 -1 -1 -1 -1 -1 -1
##$SHL_MU= (0..15)
0 0 0 0 0 0 0 0 0 0 0 0 0 0 0 0
##$SHL_NPOINTS= (0..15)
1600 0 0 0 0 0 0 0 0 0 0 0 0 0 0 0
##$SHL_OFFS= (0..15)
<> <> <> <> <> <> <> <> <> <> <> <> <> <> <> <>
##$SHL_OFFSCOEFF0= (0..95)
0 0 0 0 0 0 0 0 0 0 0 0 0 0 0 0 0 0 0 0 0 0 0 0 0 0 0 0 0 0 0 0 0 0 0 0
0 0 0 0 0 0 0 0 0 0 0 0 0 0 0 0 0 0 0 0 0 0 0 0 0 0 0 0 0 0 0 0 0 0 0 0
0 0 0 0 0 0 0 0 0 0 0 0 0 0 0 0 0 0 0 0 0 0 0 0
##$SHL_OFFSCOEFF1= (0..95)
0 0 0 0 0 0 0 0 0 0 0 0 0 0 0 0 0 0 0 0 0 0 0 0 0 0 0 0 0 0 0 0 0 0 0 0
0 0 0 0 0 0 0 0 0 0 0 0 0 0 0 0 0 0 0 0 0 0 0 0 0 0 0 0 0 0 0 0 0 0 0 0
0 0 0 0 0 0 0 0 0 0 0 0 0 0 0 0 0 0 0 0 0 0 0 0
##$SHL_OFFSCOEFF10= (0..95)
0 0 0 0 0 0 0 0 0 0 0 0 0 0 0 0 0 0 0 0 0 0 0 0 0 0 0 0 0 0 0 0 0 0 0 0
0 0 0 0 0 0 0 0 0 0 0 0 0 0 0 0 0 0 0 0 0 0 0 0 0 0 0 0 0 0 0 0 0 0 0 0
0 0 0 0 0 0 0 0 0 0 0 0 0 0 0 0 0 0 0 0 0 0 0 0
##$SHL_OFFSCOEFF11= (0..95)
0 0 0 0 0 0 0 0 0 0 0 0 0 0 0 0 0 0 0 0 0 0 0 0 0 0 0 0 0 0 0 0 0 0 0 0
0 0 0 0 0 0 0 0 0 0 0 0 0 0 0 0 0 0 0 0 0 0 0 0 0 0 0 0 0 0 0 0 0 0 0 0
0 0 0 0 0 0 0 0 0 0 0 0 0 0 0 0 0 0 0 0 0 0 0 0
##$SHL_OFFSCOEFF12= (0..95)
0 0 0 0 0 0 0 0 0 0 0 0 0 0 0 0 0 0 0 0 0 0 0 0 0 0 0 0 0 0 0 0 0 0 0 0
0 0 0 0 0 0 0 0 0 0 0 0 0 0 0 0 0 0 0 0 0 0 0 0 0 0 0 0 0 0 0 0 0 0 0 0
0 0 0 0 0 0 0 0 0 0 0 0 0 0 0 0 0 0 0 0 0 0 0 0
##$SHL_OFFSCOEFF13= (0..95)
0 0 0 0 0 0 0 0 0 0 0 0 0 0 0 0 0 0 0 0 0 0 0 0 0 0 0 0 0 0 0 0 0 0 0 0
0 0 0 0 0 0 0 0 0 0 0 0 0 0 0 0 0 0 0 0 0 0 0 0 0 0 0 0 0 0 0 0 0 0 0 0
0 0 0 0 0 0 0 0 0 0 0 0 0 0 0 0 0 0 0 0 0 0 0 0
##$SHL_OFFSCOEFF14= (0..95)
0 0 0 0 0 0 0 0 0 0 0 0 0 0 0 0 0 0 0 0 0 0 0 0 0 0 0 0 0 0 0 0 0 0 0 0
0 0 0 0 0 0 0 0 0 0 0 0 0 0 0 0 0 0 0 0 0 0 0 0 0 0 0 0 0 0 0 0 0 0 0 0
0 0 0 0 0 0 0 0 0 0 0 0 0 0 0 0 0 0 0 0 0 0 0 0
##$SHL_OFFSCOEFF15= (0..95)
0 0 0 0 0 0 0 0 0 0 0 0 0 0 0 0 0 0 0 0 0 0 0 0 0 0 0 0 0 0 0 0 0 0 0 0
0 0 0 0 0 0 0 0 0 0 0 0 0 0 0 0 0 0 0 0 0 0 0 0 0 0 0 0 0 0 0 0 0 0 0 0
0 0 0 0 0 0 0 0 0 0 0 0 0 0 0 0 0 0 0 0 0 0 0 0
##$SHL_OFFSCOEFF2= (0..95)
0 0 0 0 0 0 0 0 0 0 0 0 0 0 0 0 0 0 0 0 0 0 0 0 0 0 0 0 0 0 0 0 0 0 0 0
0 0 0 0 0 0 0 0 0 0 0 0 0 0 0 0 0 0 0 0 0 0 0 0 0 0 0 0 0 0 0 0 0 0 0 0
0 0 0 0 0 0 0 0 0 0 0 0 0 0 0 0 0 0 0 0 0 0 0 0
##$SHL_OFFSCOEFF3= (0..95)
0 0 0 0 0 0 0 0 0 0 0 0 0 0 0 0 0 0 0 0 0 0 0 0 0 0 0 0 0 0 0 0 0 0 0 0
0 0 0 0 0 0 0 0 0 0 0 0 0 0 0 0 0 0 0 0 0 0 0 0 0 0 0 0 0 0 0 0 0 0 0 0
0 0 0 0 0 0 0 0 0 0 0 0 0 0 0 0 0 0 0 0 0 0 0 0
##$SHL_OFFSCOEFF4= (0..95)
0 0 0 0 0 0 0 0 0 0 0 0 0 0 0 0 0 0 0 0 0 0 0 0 0 0 0 0 0 0 0 0 0 0 0 0
0 0 0 0 0 0 0 0 0 0 0 0 0 0 0 0 0 0 0 0 0 0 0 0 0 0 0 0 0 0 0 0 0 0 0 0
0 0 0 0 0 0 0 0 0 0 0 0 0 0 0 0 0 0 0 0 0 0 0 0
##$SHL_OFFSCOEFF5= (0..95)
0 0 0 0 0 0 0 0 0 0 0 0 0 0 0 0 0 0 0 0 0 0 0 0 0 0 0 0 0 0 0 0 0 0 0 0
0 0 0 0 0 0 0 0 0 0 0 0 0 0 0 0 0 0 0 0 0 0 0 0 0 0 0 0 0 0 0 0 0 0 0 0
0 0 0 0 0 0 0 0 0 0 0 0 0 0 0 0 0 0 0 0 0 0 0 0
##$SHL_OFFSCOEFF6= (0..95)
0 0 0 0 0 0 0 0 0 0 0 0 0 0 0 0 0 0 0 0 0 0 0 0 0 0 0 0 0 0 0 0 0 0 0 0
0 0 0 0 0 0 0 0 0 0 0 0 0 0 0 0 0 0 0 0 0 0 0 0 0 0 0 0 0 0 0 0 0 0 0 0
0 0 0 0 0 0 0 0 0 0 0 0 0 0 0 0 0 0 0 0 0 0 0 0
##$SHL_OFFSCOEFF7= (0..95)
0 0 0 0 0 0 0 0 0 0 0 0 0 0 0 0 0 0 0 0 0 0 0 0 0 0 0 0 0 0 0 0 0 0 0 0
0 0 0 0 0 0 0 0 0 0 0 0 0 0 0 0 0 0 0 0 0 0 0 0 0 0 0 0 0 0 0 0 0 0 0 0
0 0 0 0 0 0 0 0 0 0 0 0 0 0 0 0 0 0 0 0 0 0 0 0
##$SHL_OFFSCOEFF8= (0..95)
0 0 0 0 0 0 0 0 0 0 0 0 0 0 0 0 0 0 0 0 0 0 0 0 0 0 0 0 0 0 0 0 0 0 0 0
0 0 0 0 0 0 0 0 0 0 0 0 0 0 0 0 0 0 0 0 0 0 0 0 0 0 0 0 0 0 0 0 0 0 0 0
0 0 0 0 0 0 0 0 0 0 0 0 0 0 0 0 0 0 0 0 0 0 0 0
##$SHL_OFFSCOEFF9= (0..95)
0 0 0 0 0 0 0 0 0 0 0 0 0 0 0 0 0 0 0 0 0 0 0 0 0 0 0 0 0 0 0 0 0 0 0 0
0 0 0 0 0 0 0 0 0 0 0 0 0 0 0 0 0 0 0 0 0 0 0 0 0 0 0 0 0 0 0 0 0 0 0 0
0 0 0 0 0 0 0 0 0 0 0 0 0 0 0 0 0 0 0 0 0 0 0 0
##$SHL_PHASE= (0..15)
0 0 0 0 0 0 0 0 0 0 0 0 0 0 0 0
##$SHL_PHASEFAC= (0..15)
0 0 0 0 0 0 0 0 0 0 0 0 0 0 0 0
##$SHL_POWERINDEX= (0..15)
2 0 0 0 0 0 0 0 0 0 0 0 0 0 0 0
##$SHL_QUADCOEFF= (0..15)
0 0 0 0 0 0 0 0 0 0 0 0 0 0 0 0
##$SHL_RIGHTLIMIT= (0..15)
0 0 0 0 0 0 0 0 0 0 0 0 0 0 0 0
##$SHL_SCALEFACTOR= (0..15)
1 1 1 1 1 1 1 1 1 1 1 1 1 1 1 1
##$SHL_SF= (0..15)
<> <> <> <> <> <> <> <> <> <> <> <> <> <> <> <>
##$SHL_SFCOEFFS0= (0..200)
0 0 0 0 0 0 0 0 0 0 0 0 0 0 0 0 0 0 0 0 0 0 0 0 0 0 0 0 0 0 0 0 0 0 0 0
0 0 0 0 0 0 0 0 0 0 0 0 0 0 0 0 0 0 0 0 0 0 0 0 0 0 0 0 0 0 0 0 0 0 0 0
0 0 0 0 0 0 0 0 0 0 0 0 0 0 0 0 0 0 0 0 0 0 0 0 0 0 0 0 0 0 0 0 0 0 0 0
0 0 0 0 0 0 0 0 0 0 0 0 0 0 0 0 0 0 0 0 0 0 0 0 0 0 0 0 0 0 0 0 0 0 0 0
0 0 0 0 0 0 0 0 0 0 0 0 0 0 0 0 0 0 0 0 0 0 0 0 0 0 0 0 0 0 0 0 0 0 0 0
0 0 0 0 0 0 0 0 0 0 0 0 0 0 0 0 0 0 0 0 0
##$SHL_SFCOEFFS1= (0..200)
0 0 0 0 0 0 0 0 0 0 0 0 0 0 0 0 0 0 0 0 0 0 0 0 0 0 0 0 0 0 0 0 0 0 0 0
0 0 0 0 0 0 0 0 0 0 0 0 0 0 0 0 0 0 0 0 0 0 0 0 0 0 0 0 0 0 0 0 0 0 0 0
0 0 0 0 0 0 0 0 0 0 0 0 0 0 0 0 0 0 0 0 0 0 0 0 0 0 0 0 0 0 0 0 0 0 0 0
0 0 0 0 0 0 0 0 0 0 0 0 0 0 0 0 0 0 0 0 0 0 0 0 0 0 0 0 0 0 0 0 0 0 0 0
0 0 0 0 0 0 0 0 0 0 0 0 0 0 0 0 0 0 0 0 0 0 0 0 0 0 0 0 0 0 0 0 0 0 0 0
0 0 0 0 0 0 0 0 0 0 0 0 0 0 0 0 0 0 0 0 0
##$SHL_SFCOEFFS10= (0..200)
0 0 0 0 0 0 0 0 0 0 0 0 0 0 0 0 0 0 0 0 0 0 0 0 0 0 0 0 0 0 0 0 0 0 0 0
0 0 0 0 0 0 0 0 0 0 0 0 0 0 0 0 0 0 0 0 0 0 0 0 0 0 0 0 0 0 0 0 0 0 0 0
0 0 0 0 0 0 0 0 0 0 0 0 0 0 0 0 0 0 0 0 0 0 0 0 0 0 0 0 0 0 0 0 0 0 0 0
0 0 0 0 0 0 0 0 0 0 0 0 0 0 0 0 0 0 0 0 0 0 0 0 0 0 0 0 0 0 0 0 0 0 0 0
0 0 0 0 0 0 0 0 0 0 0 0 0 0 0 0 0 0 0 0 0 0 0 0 0 0 0 0 0 0 0 0 0 0 0 0
0 0 0 0 0 0 0 0 0 0 0 0 0 0 0 0 0 0 0 0 0
##$SHL_SFCOEFFS11= (0..200)
0 0 0 0 0 0 0 0 0 0 0 0 0 0 0 0 0 0 0 0 0 0 0 0 0 0 0 0 0 0 0 0 0 0 0 0
0 0 0 0 0 0 0 0 0 0 0 0 0 0 0 0 0 0 0 0 0 0 0 0 0 0 0 0 0 0 0 0 0 0 0 0
0 0 0 0 0 0 0 0 0 0 0 0 0 0 0 0 0 0 0 0 0 0 0 0 0 0 0 0 0 0 0 0 0 0 0 0
0 0 0 0 0 0 0 0 0 0 0 0 0 0 0 0 0 0 0 0 0 0 0 0 0 0 0 0 0 0 0 0 0 0 0 0
0 0 0 0 0 0 0 0 0 0 0 0 0 0 0 0 0 0 0 0 0 0 0 0 0 0 0 0 0 0 0 0 0 0 0 0
0 0 0 0 0 0 0 0 0 0 0 0 0 0 0 0 0 0 0 0 0
##$SHL_SFCOEFFS12= (0..200)
0 0 0 0 0 0 0 0 0 0 0 0 0 0 0 0 0 0 0 0 0 0 0 0 0 0 0 0 0 0 0 0 0 0 0 0
0 0 0 0 0 0 0 0 0 0 0 0 0 0 0 0 0 0 0 0 0 0 0 0 0 0 0 0 0 0 0 0 0 0 0 0
0 0 0 0 0 0 0 0 0 0 0 0 0 0 0 0 0 0 0 0 0 0 0 0 0 0 0 0 0 0 0 0 0 0 0 0
0 0 0 0 0 0 0 0 0 0 0 0 0 0 0 0 0 0 0 0 0 0 0 0 0 0 0 0 0 0 0 0 0 0 0 0
0 0 0 0 0 0 0 0 0 0 0 0 0 0 0 0 0 0 0 0 0 0 0 0 0 0 0 0 0 0 0 0 0 0 0 0
0 0 0 0 0 0 0 0 0 0 0 0 0 0 0 0 0 0 0 0 0
##$SHL_SFCOEFFS13= (0..200)
0 0 0 0 0 0 0 0 0 0 0 0 0 0 0 0 0 0 0 0 0 0 0 0 0 0 0 0 0 0 0 0 0 0 0 0
0 0 0 0 0 0 0 0 0 0 0 0 0 0 0 0 0 0 0 0 0 0 0 0 0 0 0 0 0 0 0 0 0 0 0 0
0 0 0 0 0 0 0 0 0 0 0 0 0 0 0 0 0 0 0 0 0 0 0 0 0 0 0 0 0 0 0 0 0 0 0 0
0 0 0 0 0 0 0 0 0 0 0 0 0 0 0 0 0 0 0 0 0 0 0 0 0 0 0 0 0 0 0 0 0 0 0 0
0 0 0 0 0 0 0 0 0 0 0 0 0 0 0 0 0 0 0 0 0 0 0 0 0 0 0 0 0 0 0 0 0 0 0 0
0 0 0 0 0 0 0 0 0 0 0 0 0 0 0 0 0 0 0 0 0
##$SHL_SFCOEFFS14= (0..200)
0 0 0 0 0 0 0 0 0 0 0 0 0 0 0 0 0 0 0 0 0 0 0 0 0 0 0 0 0 0 0 0 0 0 0 0
0 0 0 0 0 0 0 0 0 0 0 0 0 0 0 0 0 0 0 0 0 0 0 0 0 0 0 0 0 0 0 0 0 0 0 0
0 0 0 0 0 0 0 0 0 0 0 0 0 0 0 0 0 0 0 0 0 0 0 0 0 0 0 0 0 0 0 0 0 0 0 0
0 0 0 0 0 0 0 0 0 0 0 0 0 0 0 0 0 0 0 0 0 0 0 0 0 0 0 0 0 0 0 0 0 0 0 0
0 0 0 0 0 0 0 0 0 0 0 0 0 0 0 0 0 0 0 0 0 0 0 0 0 0 0 0 0 0 0 0 0 0 0 0
0 0 0 0 0 0 0 0 0 0 0 0 0 0 0 0 0 0 0 0 0
##$SHL_SFCOEFFS15= (0..200)
0 0 0 0 0 0 0 0 0 0 0 0 0 0 0 0 0 0 0 0 0 0 0 0 0 0 0 0 0 0 0 0 0 0 0 0
0 0 0 0 0 0 0 0 0 0 0 0 0 0 0 0 0 0 0 0 0 0 0 0 0 0 0 0 0 0 0 0 0 0 0 0
0 0 0 0 0 0 0 0 0 0 0 0 0 0 0 0 0 0 0 0 0 0 0 0 0 0 0 0 0 0 0 0 0 0 0 0
0 0 0 0 0 0 0 0 0 0 0 0 0 0 0 0 0 0 0 0 0 0 0 0 0 0 0 0 0 0 0 0 0 0 0 0
0 0 0 0 0 0 0 0 0 0 0 0 0 0 0 0 0 0 0 0 0 0 0 0 0 0 0 0 0 0 0 0 0 0 0 0
0 0 0 0 0 0 0 0 0 0 0 0 0 0 0 0 0 0 0 0 0
##$SHL_SFCOEFFS2= (0..200)
0 0 0 0 0 0 0 0 0 0 0 0 0 0 0 0 0 0 0 0 0 0 0 0 0 0 0 0 0 0 0 0 0 0 0 0
0 0 0 0 0 0 0 0 0 0 0 0 0 0 0 0 0 0 0 0 0 0 0 0 0 0 0 0 0 0 0 0 0 0 0 0
0 0 0 0 0 0 0 0 0 0 0 0 0 0 0 0 0 0 0 0 0 0 0 0 0 0 0 0 0 0 0 0 0 0 0 0
0 0 0 0 0 0 0 0 0 0 0 0 0 0 0 0 0 0 0 0 0 0 0 0 0 0 0 0 0 0 0 0 0 0 0 0
0 0 0 0 0 0 0 0 0 0 0 0 0 0 0 0 0 0 0 0 0 0 0 0 0 0 0 0 0 0 0 0 0 0 0 0
0 0 0 0 0 0 0 0 0 0 0 0 0 0 0 0 0 0 0 0 0
##$SHL_SFCOEFFS3= (0..200)
0 0 0 0 0 0 0 0 0 0 0 0 0 0 0 0 0 0 0 0 0 0 0 0 0 0 0 0 0 0 0 0 0 0 0 0
0 0 0 0 0 0 0 0 0 0 0 0 0 0 0 0 0 0 0 0 0 0 0 0 0 0 0 0 0 0 0 0 0 0 0 0
0 0 0 0 0 0 0 0 0 0 0 0 0 0 0 0 0 0 0 0 0 0 0 0 0 0 0 0 0 0 0 0 0 0 0 0
0 0 0 0 0 0 0 0 0 0 0 0 0 0 0 0 0 0 0 0 0 0 0 0 0 0 0 0 0 0 0 0 0 0 0 0
0 0 0 0 0 0 0 0 0 0 0 0 0 0 0 0 0 0 0 0 0 0 0 0 0 0 0 0 0 0 0 0 0 0 0 0
0 0 0 0 0 0 0 0 0 0 0 0 0 0 0 0 0 0 0 0 0
##$SHL_SFCOEFFS4= (0..200)
0 0 0 0 0 0 0 0 0 0 0 0 0 0 0 0 0 0 0 0 0 0 0 0 0 0 0 0 0 0 0 0 0 0 0 0
0 0 0 0 0 0 0 0 0 0 0 0 0 0 0 0 0 0 0 0 0 0 0 0 0 0 0 0 0 0 0 0 0 0 0 0
0 0 0 0 0 0 0 0 0 0 0 0 0 0 0 0 0 0 0 0 0 0 0 0 0 0 0 0 0 0 0 0 0 0 0 0
0 0 0 0 0 0 0 0 0 0 0 0 0 0 0 0 0 0 0 0 0 0 0 0 0 0 0 0 0 0 0 0 0 0 0 0
0 0 0 0 0 0 0 0 0 0 0 0 0 0 0 0 0 0 0 0 0 0 0 0 0 0 0 0 0 0 0 0 0 0 0 0
0 0 0 0 0 0 0 0 0 0 0 0 0 0 0 0 0 0 0 0 0
##$SHL_SFCOEFFS5= (0..200)
0 0 0 0 0 0 0 0 0 0 0 0 0 0 0 0 0 0 0 0 0 0 0 0 0 0 0 0 0 0 0 0 0 0 0 0
0 0 0 0 0 0 0 0 0 0 0 0 0 0 0 0 0 0 0 0 0 0 0 0 0 0 0 0 0 0 0 0 0 0 0 0
0 0 0 0 0 0 0 0 0 0 0 0 0 0 0 0 0 0 0 0 0 0 0 0 0 0 0 0 0 0 0 0 0 0 0 0
0 0 0 0 0 0 0 0 0 0 0 0 0 0 0 0 0 0 0 0 0 0 0 0 0 0 0 0 0 0 0 0 0 0 0 0
0 0 0 0 0 0 0 0 0 0 0 0 0 0 0 0 0 0 0 0 0 0 0 0 0 0 0 0 0 0 0 0 0 0 0 0
0 0 0 0 0 0 0 0 0 0 0 0 0 0 0 0 0 0 0 0 0
##$SHL_SFCOEFFS6= (0..200)
0 0 0 0 0 0 0 0 0 0 0 0 0 0 0 0 0 0 0 0 0 0 0 0 0 0 0 0 0 0 0 0 0 0 0 0
0 0 0 0 0 0 0 0 0 0 0 0 0 0 0 0 0 0 0 0 0 0 0 0 0 0 0 0 0 0 0 0 0 0 0 0
0 0 0 0 0 0 0 0 0 0 0 0 0 0 0 0 0 0 0 0 0 0 0 0 0 0 0 0 0 0 0 0 0 0 0 0
0 0 0 0 0 0 0 0 0 0 0 0 0 0 0 0 0 0 0 0 0 0 0 0 0 0 0 0 0 0 0 0 0 0 0 0
0 0 0 0 0 0 0 0 0 0 0 0 0 0 0 0 0 0 0 0 0 0 0 0 0 0 0 0 0 0 0 0 0 0 0 0
0 0 0 0 0 0 0 0 0 0 0 0 0 0 0 0 0 0 0 0 0
##$SHL_SFCOEFFS7= (0..200)
0 0 0 0 0 0 0 0 0 0 0 0 0 0 0 0 0 0 0 0 0 0 0 0 0 0 0 0 0 0 0 0 0 0 0 0
0 0 0 0 0 0 0 0 0 0 0 0 0 0 0 0 0 0 0 0 0 0 0 0 0 0 0 0 0 0 0 0 0 0 0 0
0 0 0 0 0 0 0 0 0 0 0 0 0 0 0 0 0 0 0 0 0 0 0 0 0 0 0 0 0 0 0 0 0 0 0 0
0 0 0 0 0 0 0 0 0 0 0 0 0 0 0 0 0 0 0 0 0 0 0 0 0 0 0 0 0 0 0 0 0 0 0 0
0 0 0 0 0 0 0 0 0 0 0 0 0 0 0 0 0 0 0 0 0 0 0 0 0 0 0 0 0 0 0 0 0 0 0 0
0 0 0 0 0 0 0 0 0 0 0 0 0 0 0 0 0 0 0 0 0
##$SHL_SFCOEFFS8= (0..200)
0 0 0 0 0 0 0 0 0 0 0 0 0 0 0 0 0 0 0 0 0 0 0 0 0 0 0 0 0 0 0 0 0 0 0 0
0 0 0 0 0 0 0 0 0 0 0 0 0 0 0 0 0 0 0 0 0 0 0 0 0 0 0 0 0 0 0 0 0 0 0 0
0 0 0 0 0 0 0 0 0 0 0 0 0 0 0 0 0 0 0 0 0 0 0 0 0 0 0 0 0 0 0 0 0 0 0 0
0 0 0 0 0 0 0 0 0 0 0 0 0 0 0 0 0 0 0 0 0 0 0 0 0 0 0 0 0 0 0 0 0 0 0 0
0 0 0 0 0 0 0 0 0 0 0 0 0 0 0 0 0 0 0 0 0 0 0 0 0 0 0 0 0 0 0 0 0 0 0 0
0 0 0 0 0 0 0 0 0 0 0 0 0 0 0 0 0 0 0 0 0
##$SHL_SFCOEFFS9= (0..200)
0 0 0 0 0 0 0 0 0 0 0 0 0 0 0 0 0 0 0 0 0 0 0 0 0 0 0 0 0 0 0 0 0 0 0 0
0 0 0 0 0 0 0 0 0 0 0 0 0 0 0 0 0 0 0 0 0 0 0 0 0 0 0 0 0 0 0 0 0 0 0 0
0 0 0 0 0 0 0 0 0 0 0 0 0 0 0 0 0 0 0 0 0 0 0 0 0 0 0 0 0 0 0 0 0 0 0 0
0 0 0 0 0 0 0 0 0 0 0 0 0 0 0 0 0 0 0 0 0 0 0 0 0 0 0 0 0 0 0 0 0 0 0 0
0 0 0 0 0 0 0 0 0 0 0 0 0 0 0 0 0 0 0 0 0 0 0 0 0 0 0 0 0 0 0 0 0 0 0 0
0 0 0 0 0 0 0 0 0 0 0 0 0 0 0 0 0 0 0 0 0
##$SHL_SMOOTHED= (0..15)
0 0 0 0 0 0 0 0 0 0 0 0 0 0 0 0
##$SHL_SMOOTHING= (0..15)
0 0 0 0 0 0 0 0 0 0 0 0 0 0 0 0
##$SHL_SPOAL= (0..15)
0 0 0 0 0 0 0 0 0 0 0 0 0 0 0 0
##$SHL_SPOFFS= (0..15)
0 0 0 0 0 0 0 0 0 0 0 0 0 0 0 0
##$SHL_SPOPH= (0..15)
0 0 0 0 0 0 0 0 0 0 0 0 0 0 0 0
##$SHL_STARTAMP= (0..15)
0 0 0 0 0 0 0 0 0 0 0 0 0 0 0 0
##$SHL_SW= (0..15)
2700000 0 0 0 0 0 0 0 0 0 0 0 0 0 0 0
##$SHL_SWDIR= (0..15)
1 -1 -1 -1 -1 -1 -1 -1 -1 -1 -1 -1 -1 -1 -1 -1
##$SHL_TANKAPPA= (0..15)
0 0 0 0 0 0 0 0 0 0 0 0 0 0 0 0
##$SHL_TOTROT= (0..15)
180 0 0 0 0 0 0 0 0 0 0 0 0 0 0 0
##$SHL_TRUNCLEV= (0..15)
0 0 0 0 0 0 0 0 0 0 0 0 0 0 0 0
##$SHL_TYPE= (0..15)
<Inversion> <> <> <> <> <> <> <> <> <> <> <> <> <> <> <>
##$SHL_WINDOWSIZE= (0..15)
0 0 0 0 0 0 0 0 0 0 0 0 0 0 0 0
##$SHL_ZETA= (0..15)
0 0 0 0 0 0 0 0 0 0 0 0 0 0 0 0
##NPOINTS= 1600
##XYPOINTS= (XY..XY)
0.000000, 12.146203
0.000386, 36.415828
0.001544, 60.655078
0.003474, 84.863953
0.006176, 109.042453
0.009650, 133.190578
0.013896, 157.308328
0.018914, 181.395703
0.024703, 205.452703
0.031264, 229.479328
0.038596, 253.475578
0.046700, 277.441453
0.055576, 301.376953
0.065222, 325.282078
0.075640, 349.156828
0.086828, 13.001203
0.098787, 36.815203
0.111517, 60.598828
0.125016, 84.352078
0.139286, 108.074953
0.154326, 131.767453
0.170136, 155.429578
0.186715, 179.061328
0.204063, 202.662703
0.222179, 226.233703
0.241065, 249.774328
0.260719, 273.284578
0.281140, 296.764453
0.302330, 320.213953
0.324287, 343.633078
0.347011, 7.021828
0.370501, 30.380203
0.394758, 53.708203
0.419781, 77.005828
0.445569, 100.273078
0.472122, 123.509953
0.499441, 146.716453
0.527523, 169.892578
0.556370, 193.038328
0.585979, 216.153703
0.616352, 239.238703
0.647487, 262.293328
0.679385, 285.317578
0.712044, 308.311453
0.745464, 331.274953
0.779644, 354.208078
0.814584, 17.110828
0.850284, 39.983203
0.886743, 62.825203
0.923960, 85.636828
0.961935, 108.418078
1.000667, 131.168953
1.040156, 153.889453
1.080400, 176.579578
1.121400, 199.239328
1.163155, 221.868703
1.205664, 244.467703
1.248926, 267.036328
1.292941, 289.574578
1.337708, 312.082453
1.383226, 334.559953
1.429495, 357.007078
1.476514, 19.423828
1.524282, 41.810203
1.572798, 64.166203
1.622063, 86.491828
1.672074, 108.787078
1.722832, 131.051953
1.774335, 153.286453
1.826582, 175.490578
1.879574, 197.664328
1.933308, 219.807703
1.987785, 241.920703
2.043003, 264.003328
2.098961, 286.055578
2.155660, 308.077453
2.213096, 330.068953
2.271271, 352.030078
2.330183, 13.960828
2.389830, 35.861203
2.450213, 57.731203
2.511330, 79.570828
2.573180, 101.380078
2.635763, 123.158953
2.699077, 144.907453
2.763121, 166.625578
2.827895, 188.313328
2.893397, 209.970703
2.959626, 231.597703
3.026582, 253.194328
3.094262, 274.760578
3.162668, 296.296453
3.231796, 317.801953
3.301647, 339.277078
3.372218, 0.721828
3.443510, 22.136203
3.515520, 43.520203
3.588248, 64.873828
3.661693, 86.197078
3.735853, 107.489953
3.810728, 128.752453
3.886315, 149.984578
3.962615, 171.186328
4.039626, 192.357703
4.117346, 213.498703
4.195775, 234.609328
4.274911, 255.689578
4.354753, 276.739453
4.435300, 297.758953
4.516550, 318.748078
4.598502, 339.706828
4.681156, 0.635203
4.764509, 21.533203
4.848561, 42.400828
4.933310, 63.238078
5.018755, 84.044953
5.104895, 104.821453
5.191727, 125.567578
5.279252, 146.283328
5.367467, 166.968703
5.456371, 187.623703
5.545963, 208.248328
5.636241, 228.842578
5.727204, 249.406453
5.818851, 269.939953
5.911180, 290.443078
6.004190, 310.915828
6.097879, 331.358203
6.192246, 351.770203
6.287290, 12.151828
6.383008, 32.503078
6.479400, 52.823953
6.576464, 73.114453
6.674198, 93.374578
6.772601, 113.604328
6.871672, 133.803703
6.971409, 153.972703
7.071810, 174.111328
7.172874, 194.219578
7.274599, 214.297453
7.376984, 234.344953
7.480027, 254.362078
7.583726, 274.348828
7.688081, 294.305203
7.793089, 314.231203
7.898748, 334.126828
8.005058, 353.992078
8.112016, 13.826953
8.219620, 33.631453
8.327870, 53.405578
8.436764, 73.149328
8.546299, 92.862703
8.656474, 112.545703
8.767287, 132.198328
8.878737, 151.820578
8.990822, 171.412453
9.103541, 190.973953
9.216890, 210.505078
9.330870, 230.005828
9.445477, 249.476203
9.560711, 268.916203
9.676569, 288.325828
9.793050, 307.705078
9.910151, 327.053953
10.027872, 346.372453
10.146209, 5.660578
10.265162, 24.918328
10.384729, 44.145703
10.504907, 63.342703
10.625695, 82.509328
10.747091, 101.645578
10.869093, 120.751453
10.991699, 139.826953
11.114908, 158.872078
11.238717, 177.886828
11.363124, 196.871203
11.488129, 215.825203
11.613727, 234.748828
11.739919, 253.642078
11.866701, 272.504953
11.994072, 291.337453
12.122030, 310.139578
12.250572, 328.911328
12.379698, 347.652703
12.509404, 6.363703
12.639690, 25.044328
12.770552, 43.694578
12.901989, 62.314453
13.033999, 80.903953
13.166579, 99.463078
13.299729, 117.991828
13.433445, 136.490203
13.567725, 154.958203
13.702568, 173.395828
13.837972, 191.803078
13.973934, 210.179953
14.110452, 228.526453
14.247524, 246.842578
14.385149, 265.128328
14.523323, 283.383703
14.662045, 301.608703
14.801313, 319.803328
14.941124, 337.967578
15.081477, 356.101453
15.222368, 14.204953
15.363797, 32.278078
15.505761, 50.320828
15.648257, 68.333203
15.791283, 86.315203
15.934838, 104.266828
16.078919, 122.188078
16.223523, 140.078953
16.368649, 157.939453
16.514294, 175.769578
16.660457, 193.569328
16.807134, 211.338703
16.954324, 229.077703
17.102023, 246.786328
17.250231, 264.464578
17.398945, 282.112453
17.548162, 299.729953
17.697880, 317.317078
17.848096, 334.873828
17.998809, 352.400203
18.150017, 9.896203
18.301716, 27.361828
18.453904, 44.797078
18.606580, 62.201953
18.759740, 79.576453
18.913383, 96.920578
19.067505, 114.234328
19.222106, 131.517703
19.377181, 148.770703
19.532730, 165.993328
19.688748, 183.185578
19.845235, 200.347453
20.002188, 217.478953
20.159603, 234.580078
20.317480, 251.650828
20.475814, 268.691203
20.634605, 285.701203
20.793849, 302.680828
20.953544, 319.630078
21.113687, 336.548953
21.274277, 353.437453
21.435309, 10.295578
21.596784, 27.123328
21.758696, 43.920703
21.921045, 60.687703
22.083827, 77.424328
22.247040, 94.130578
22.410682, 110.806453
22.574750, 127.451953
22.739241, 144.067078
22.904153, 160.651828
23.069484, 177.206203
23.235230, 193.730203
23.401389, 210.223828
23.567960, 226.687078
23.734938, 243.119953
23.902322, 259.522453
24.070109, 275.894578
24.238296, 292.236328
24.406882, 308.547703
24.575862, 324.828703
24.745235, 341.079328
24.914997, 357.299578
25.085147, 13.489453
25.255682, 29.648953
25.426599, 45.778078
25.597895, 61.876828
25.769568, 77.945203
25.941616, 93.983203
26.114034, 109.990828
26.286822, 125.968078
26.459975, 141.914953
26.633492, 157.831453
26.807370, 173.717578
26.981606, 189.573328
27.156198, 205.398703
27.331142, 221.193703
27.506436, 236.958328
27.682078, 252.692578
27.858064, 268.396453
28.034392, 284.069953
28.211059, 299.713078
28.388062, 315.325828
28.565399, 330.908203
28.743068, 346.460203
28.921064, 1.981828
29.099386, 17.473078
29.278031, 32.933953
29.456995, 48.364453
29.636277, 63.764578
29.815873, 79.134328
29.995781, 94.473703
30.175998, 109.782703
30.356521, 125.061328
30.537347, 140.309578
30.718473, 155.527453
30.899898, 170.714953
31.081617, 185.872078
31.263628, 200.998828
31.445929, 216.095203
31.628516, 231.161203
31.811387, 246.196828
31.994539, 261.202078
32.177969, 276.176953
32.361673, 291.121453
32.545651, 306.035578
32.729897, 320.919328
32.914411, 335.772703
33.099188, 350.595703
33.284226, 5.388328
33.469522, 20.150578
33.655074, 34.882453
33.840878, 49.583953
34.026931, 64.255078
34.213231, 78.895828
34.399775, 93.506203
34.586560, 108.086203
34.773582, 122.635828
34.960840, 137.155078
35.148330, 151.643953
35.336049, 166.102453
35.523995, 180.530578
35.712164, 194.928328
35.900554, 209.295703
36.089162, 223.632703
36.277984, 237.939328
36.467018, 252.215578
36.656261, 266.461453
36.845711, 280.676953
37.035363, 294.862078
37.225215, 309.016828
37.415265, 323.141203
37.605509, 337.235203
37.795945, 351.298828
37.986568, 5.332078
38.177378, 19.334953
38.368370, 33.307453
38.559541, 47.249578
38.750889, 61.161328
38.942411, 75.042703
39.134104, 88.893703
39.325964, 102.714328
39.517989, 116.504578
39.710176, 130.264453
39.902522, 143.993953
40.095024, 157.693078
40.287679, 171.361828
40.480484, 185.000203
40.673435, 198.608203
40.866531, 212.185828
41.059768, 225.733078
41.253143, 239.249953
41.446652, 252.736453
41.640294, 266.192578
41.834065, 279.618328
42.027962, 293.013703
42.221983, 306.378703
42.416123, 319.713328
42.610380, 333.017578
42.804752, 346.291453
42.999234, 359.534953
43.193825, 12.748078
43.388521, 25.930828
43.583319, 39.083203
43.778215, 52.205203
43.973208, 65.296828
44.168294, 78.358078
44.363471, 91.388953
44.558734, 104.389453
44.754081, 117.359578
44.949509, 130.299328
45.145015, 143.208703
45.340596, 156.087703
45.536249, 168.936328
45.731971, 181.754578
45.927759, 194.542453
46.123610, 207.299953
46.319520, 220.027078
46.515488, 232.723828
46.711509, 245.390203
46.907581, 258.026203
47.103701, 270.631828
47.299865, 283.207078
47.496071, 295.751953
47.692316, 308.266453
47.888597, 320.750578
48.084910, 333.204328
48.281252, 345.627703
48.477622, 358.020703
48.674014, 10.383328
48.870427, 22.715578
49.066858, 35.017453
49.263303, 47.288953
49.459759, 59.530078
49.656224, 71.740828
49.852694, 83.921203
50.049166, 96.071203
50.245638, 108.190828
50.442106, 120.280078
50.638567, 132.338953
50.835018, 144.367453
51.031456, 156.365578
51.227878, 168.333328
51.424281, 180.270703
51.620663, 192.177703
51.817019, 204.054328
52.013347, 215.900578
52.209644, 227.716453
52.405907, 239.501953
52.602133, 251.257078
52.798319, 262.981828
52.994461, 274.676203
53.190558, 286.340203
53.386605, 297.973828
53.582599, 309.577078
53.778539, 321.149953
53.974420, 332.692453
54.170239, 344.204578
54.365995, 355.686328
54.561683, 7.137703
54.757300, 18.558703
54.952844, 29.949328
55.148312, 41.309578
55.343700, 52.639453
55.539005, 63.938953
55.734225, 75.208078
55.929357, 86.446828
56.124396, 97.655203
56.319342, 108.833203
56.514189, 119.980828
56.708937, 131.098078
56.903580, 142.184953
57.098117, 153.241453
57.292545, 164.267578
57.486859, 175.263328
57.681059, 186.228703
57.875139, 197.163703
58.069098, 208.068328
58.262933, 218.942578
58.456639, 229.786453
58.650216, 240.599953
58.843658, 251.383078
59.036965, 262.135828
59.230131, 272.858203
59.423155, 283.550203
59.616034, 294.211828
59.808764, 304.843078
60.001343, 315.443953
60.193767, 326.014453
60.386034, 336.554578
60.578140, 347.064328
60.770083, 357.543703
60.961860, 7.992703
61.153468, 18.411328
61.344903, 28.799578
61.536163, 39.157453
61.727245, 49.484953
61.918146, 59.782078
62.108863, 70.048828
62.299393, 80.285203
62.489734, 90.491203
62.679881, 100.666828
62.869832, 110.812078
63.059585, 120.926953
63.249136, 131.011453
63.438483, 141.065578
63.627622, 151.089328
63.816550, 161.082703
64.005266, 171.045703
64.193765, 180.978328
64.382045, 190.880578
64.570102, 200.752453
64.757935, 210.593953
64.945540, 220.405078
65.132915, 230.185828
65.320055, 239.936203
65.506959, 249.656203
65.693624, 259.345828
65.880046, 269.005078
66.066223, 278.633953
66.252152, 288.232453
66.437830, 297.800578
66.623254, 307.338328
66.808422, 316.845703
66.993330, 326.322703
67.177976, 335.769328
67.362356, 345.185578
67.546468, 354.571453
67.730310, 3.926953
67.913877, 13.252078
68.097168, 22.546828
68.280180, 31.811203
68.462909, 41.045203
68.645354, 50.248828
68.827510, 59.422078
69.009376, 68.564953
69.190948, 77.677453
69.372224, 86.759578
69.553201, 95.811328
69.733875, 104.832703
69.914245, 113.823703
70.094308, 122.784328
70.274061, 131.714578
70.453500, 140.614453
70.632623, 149.483953
70.811428, 158.323078
70.989912, 167.131828
71.168071, 175.910203
71.345904, 184.658203
71.523407, 193.375828
71.700578, 202.063078
71.877414, 210.719953
72.053911, 219.346453
72.230069, 227.942578
72.405883, 236.508328
72.581351, 245.043703
72.756471, 253.548703
72.931239, 262.023328
73.105653, 270.467578
73.279710, 278.881453
73.453408, 287.264953
73.626744, 295.618078
73.799714, 303.940828
73.972318, 312.233203
74.144551, 320.495203
74.316412, 328.726828
74.487897, 336.928078
74.659003, 345.098953
74.829730, 353.239453
75.000072, 1.349578
75.170029, 9.429328
75.339597, 17.478703
75.508774, 25.497703
75.677557, 33.486328
75.845944, 41.444578
76.013931, 49.372453
76.181517, 57.269953
76.348698, 65.137078
76.515473, 72.973828
76.681838, 80.780203
76.847792, 88.556203
77.013330, 96.301828
77.178452, 104.017078
77.343154, 111.701953
77.507434, 119.356453
77.671289, 126.980578
77.834717, 134.574328
77.997715, 142.137703
78.160280, 149.670703
78.322411, 157.173328
78.484105, 164.645578
78.645359, 172.087453
78.806170, 179.498953
78.966537, 186.880078
79.126456, 194.230828
79.285926, 201.551203
79.444944, 208.841203
79.603507, 216.100828
79.761612, 223.330078
79.919259, 230.528953
80.076443, 237.697453
80.233163, 244.835578
80.389416, 251.943328
80.545200, 259.020703
80.700512, 266.067703
80.855350, 273.084328
81.009712, 280.070578
81.163595, 287.026453
81.316997, 293.951953
81.469915, 300.847078
81.622348, 307.711828
81.774292, 314.546203
81.925745, 321.350203
82.076706, 328.123828
82.227171, 334.867078
82.377138, 341.579953
82.526606, 348.262453
82.675572, 354.914578
82.824033, 1.536328
82.971987, 8.127703
83.119432, 14.688703
83.266365, 21.219328
83.412785, 27.719578
83.558689, 34.189453
83.704075, 40.628953
83.848941, 47.038078
83.993284, 53.416828
84.137102, 59.765203
84.280393, 66.083203
84.423154, 72.370828
84.565384, 78.628078
84.707081, 84.854953
84.848241, 91.051453
84.988864, 97.217578
85.128946, 103.353328
85.268485, 109.458703
85.407481, 115.533703
85.545929, 121.578328
85.683829, 127.592578
85.821177, 133.576453
85.957973, 139.529953
86.094213, 145.453078
86.229896, 151.345828
86.365020, 157.208203
86.499582, 163.040203
86.633581, 168.841828
86.767014, 174.613078
86.899879, 180.353953
87.032174, 186.064453
87.163898, 191.744578
87.295048, 197.394328
87.425622, 203.013703
87.555618, 208.602703
87.685034, 214.161328
87.813868, 219.689578
87.942119, 225.187453
88.069784, 230.654953
88.196860, 236.092078
88.323348, 241.498828
88.449243, 246.875203
88.574544, 252.221203
88.699251, 257.536828
88.823359, 262.822078
88.946868, 268.076953
89.069776, 273.301453
89.192080, 278.495578
89.313779, 283.659328
89.434872, 288.792703
89.555355, 293.895703
89.675228, 298.968328
89.794488, 304.010578
89.913133, 309.022453
90.031162, 314.003953
90.148574, 318.955078
90.265365, 323.875828
90.381534, 328.766203
90.497080, 333.626203
90.612001, 338.455828
90.726295, 343.255078
90.839960, 348.023953
90.952994, 352.762453
91.065396, 357.470578
91.177164, 2.148328
91.288296, 6.795703
91.398790, 11.412703
91.508646, 15.999328
91.617860, 20.555578
91.726432, 25.081453
91.834359, 29.576953
91.941641, 34.042078
92.048275, 38.476828
92.154259, 42.881203
92.259593, 47.255203
92.364275, 51.598828
92.468302, 55.912078
92.571673, 60.194953
92.674387, 64.447453
92.776443, 68.669578
92.877837, 72.861328
92.978570, 77.022703
93.078639, 81.153703
93.178043, 85.254328
93.276780, 89.324578
93.374849, 93.364453
93.472249, 97.373953
93.568977, 101.353078
93.665032, 105.301828
93.760413, 109.220203
93.855118, 113.108203
93.949147, 116.965828
94.042496, 120.793078
94.135166, 124.589953
94.227154, 128.356453
94.318459, 132.092578
94.409080, 135.798328
94.499016, 139.473703
94.588264, 143.118703
94.676824, 146.733328
94.764694, 150.317578
94.851872, 153.871453
94.938358, 157.394953
95.024151, 160.888078
95.109248, 164.350828
95.193648, 167.783203
95.277351, 171.185203
95.360355, 174.556828
95.442658, 177.898078
95.524260, 181.208953
95.605158, 184.489453
95.685353, 187.739578
95.764842, 190.959328
95.843625, 194.148703
95.921699, 197.307703
95.999065, 200.436328
96.075720, 203.534578
96.151664, 206.602453
96.226895, 209.639953
96.301413, 212.647078
96.375216, 215.623828
96.448302, 218.570203
96.520672, 221.486203
96.592323, 224.371828
96.663254, 227.227078
96.733465, 230.051953
96.802955, 232.846453
96.871722, 235.610578
96.939765, 238.344328
97.007084, 241.047703
97.073676, 243.720703
97.139542, 246.363328
97.204680, 248.975578
97.269089, 251.557453
97.332768, 254.108953
97.395716, 256.630078
97.457933, 259.120828
97.519417, 261.581203
97.580167, 264.011203
97.640182, 266.410828
97.699462, 268.780078
97.758005, 271.118953
97.815811, 273.427453
97.872878, 275.705578
97.929207, 277.953328
97.984795, 280.170703
98.039643, 282.357703
98.093748, 284.514328
98.147111, 286.640578
98.199731, 288.736453
98.251606, 290.801953
98.302737, 292.837078
98.353121, 294.841828
98.402759, 296.816203
98.451650, 298.760203
98.499792, 300.673828
98.547186, 302.557078
98.593830, 304.409953
98.639724, 306.232453
98.684866, 308.024578
98.729257, 309.786328
98.772896, 311.517703
98.815781, 313.218703
98.857913, 314.889328
98.899291, 316.529578
98.939913, 318.139453
98.979780, 319.718953
99.018890, 321.268078
99.057244, 322.786828
99.094840, 324.275203
99.131678, 325.733203
99.167757, 327.160828
99.203077, 328.558078
99.237638, 329.924953
99.271438, 331.261453
99.304477, 332.567578
99.336756, 333.843328
99.368272, 335.088703
99.399026, 336.303703
99.429017, 337.488328
99.458246, 338.642578
99.486710, 339.766453
99.514411, 340.859953
99.541346, 341.923078
99.567517, 342.955828
99.592923, 343.958203
99.617563, 344.930203
99.641436, 345.871828
99.664544, 346.783078
99.686884, 347.663953
99.708457, 348.514453
99.729263, 349.334578
99.749301, 350.124328
99.768570, 350.883703
99.787072, 351.612703
99.804804, 352.311328
99.821768, 352.979578
99.837962, 353.617453
99.853386, 354.224953
99.868041, 354.802078
99.881926, 355.348828
99.895041, 355.865203
99.907385, 356.351203
99.918959, 356.806828
99.929762, 357.232078
99.939794, 357.626953
99.949055, 357.991453
99.957544, 358.325578
99.965263, 358.629328
99.972210, 358.902703
99.978385, 359.145703
99.983788, 359.358328
99.988420, 359.540578
99.992280, 359.692453
99.995368, 359.813953
99.997684, 359.905078
99.999228, 359.965828
100.000000, 359.996203
100.000000, 359.996203
99.999228, 359.965828
99.997684, 359.905078
99.995368, 359.813953
99.992280, 359.692453
99.988420, 359.540578
99.983788, 359.358328
99.978385, 359.145703
99.972210, 358.902703
99.965263, 358.629328
99.957544, 358.325578
99.949055, 357.991453
99.939794, 357.626953
99.929762, 357.232078
99.918959, 356.806828
99.907385, 356.351203
99.895041, 355.865203
99.881926, 355.348828
99.868041, 354.802078
99.853386, 354.224953
99.837962, 353.617453
99.821768, 352.979578
99.804804, 352.311328
99.787072, 351.612703
99.768570, 350.883703
99.749301, 350.124328
99.729263, 349.334578
99.708457, 348.514453
99.686884, 347.663953
99.664544, 346.783078
99.641436, 345.871828
99.617563, 344.930203
99.592923, 343.958203
99.567517, 342.955828
99.541346, 341.923078
99.514411, 340.859953
99.486710, 339.766453
99.458246, 338.642578
99.429017, 337.488328
99.399026, 336.303703
99.368272, 335.088703
99.336756, 333.843328
99.304477, 332.567578
99.271438, 331.261453
99.237638, 329.924953
99.203077, 328.558078
99.167757, 327.160828
99.131678, 325.733203
99.094840, 324.275203
99.057244, 322.786828
99.018890, 321.268078
98.979780, 319.718953
98.939913, 318.139453
98.899291, 316.529578
98.857913, 314.889328
98.815781, 313.218703
98.772896, 311.517703
98.729257, 309.786328
98.684866, 308.024578
98.639724, 306.232453
98.593830, 304.409953
98.547186, 302.557078
98.499792, 300.673828
98.451650, 298.760203
98.402759, 296.816203
98.353121, 294.841828
98.302737, 292.837078
98.251606, 290.801953
98.199731, 288.736453
98.147111, 286.640578
98.093748, 284.514328
98.039643, 282.357703
97.984795, 280.170703
97.929207, 277.953328
97.872878, 275.705578
97.815811, 273.427453
97.758005, 271.118953
97.699462, 268.780078
97.640182, 266.410828
97.580167, 264.011203
97.519417, 261.581203
97.457933, 259.120828
97.395716, 256.630078
97.332768, 254.108953
97.269089, 251.557453
97.204680, 248.975578
97.139542, 246.363328
97.073676, 243.720703
97.007084, 241.047703
96.939765, 238.344328
96.871722, 235.610578
96.802955, 232.846453
96.733465, 230.051953
96.663254, 227.227078
96.592323, 224.371828
96.520672, 221.486203
96.448302, 218.570203
96.375216, 215.623828
96.301413, 212.647078
96.226895, 209.639953
96.151664, 206.602453
96.075720, 203.534578
95.999065, 200.436328
95.921699, 197.307703
95.843625, 194.148703
95.764842, 190.959328
95.685353, 187.739578
95.605158, 184.489453
95.524260, 181.208953
95.442658, 177.898078
95.360355, 174.556828
95.277351, 171.185203
95.193648, 167.783203
95.109248, 164.350828
95.024151, 160.888078
94.938358, 157.394953
94.851872, 153.871453
94.764694, 150.317578
94.676824, 146.733328
94.588264, 143.118703
94.499016, 139.473703
94.409080, 135.798328
94.318459, 132.092578
94.227154, 128.356453
94.135166, 124.589953
94.042496, 120.793078
93.949147, 116.965828
93.855118, 113.108203
93.760413, 109.220203
93.665032, 105.301828
93.568977, 101.353078
93.472249, 97.373953
93.374849, 93.364453
93.276780, 89.324578
93.178043, 85.254328
93.078639, 81.153703
92.978570, 77.022703
92.877837, 72.861328
92.776443, 68.669578
92.674387, 64.447453
92.571673, 60.194953
92.468302, 55.912078
92.364275, 51.598828
92.259593, 47.255203
92.154259, 42.881203
92.048275, 38.476828
91.941641, 34.042078
91.834359, 29.576953
91.726432, 25.081453
91.617860, 20.555578
91.508646, 15.999328
91.398790, 11.412703
91.288296, 6.795703
91.177164, 2.148328
91.065396, 357.470578
90.952994, 352.762453
90.839960, 348.023953
90.726295, 343.255078
90.612001, 338.455828
90.497080, 333.626203
90.381534, 328.766203
90.265365, 323.875828
90.148574, 318.955078
90.031162, 314.003953
89.913133, 309.022453
89.794488, 304.010578
89.675228, 298.968328
89.555355, 293.895703
89.434872, 288.792703
89.313779, 283.659328
89.192080, 278.495578
89.069776, 273.301453
88.946868, 268.076953
88.823359, 262.822078
88.699251, 257.536828
88.574544, 252.221203
88.449243, 246.875203
88.323348, 241.498828
88.196860, 236.092078
88.069784, 230.654953
87.942119, 225.187453
87.813868, 219.689578
87.685034, 214.161328
87.555618, 208.602703
87.425622, 203.013703
87.295048, 197.394328
87.163898, 191.744578
87.032174, 186.064453
86.899879, 180.353953
86.767014, 174.613078
86.633581, 168.841828
86.499582, 163.040203
86.365020, 157.208203
86.229896, 151.345828
86.094213, 145.453078
85.957973, 139.529953
85.821177, 133.576453
85.683829, 127.592578
85.545929, 121.578328
85.407481, 115.533703
85.268485, 109.458703
85.128946, 103.353328
84.988864, 97.217578
84.848241, 91.051453
84.707081, 84.854953
84.565384, 78.628078
84.423154, 72.370828
84.280393, 66.083203
84.137102, 59.765203
83.993284, 53.416828
83.848941, 47.038078
83.704075, 40.628953
83.558689, 34.189453
83.412785, 27.719578
83.266365, 21.219328
83.119432, 14.688703
82.971987, 8.127703
82.824033, 1.536328
82.675572, 354.914578
82.526606, 348.262453
82.377138, 341.579953
82.227171, 334.867078
82.076706, 328.123828
81.925745, 321.350203
81.774292, 314.546203
81.622348, 307.711828
81.469915, 300.847078
81.316997, 293.951953
81.163595, 287.026453
81.009712, 280.070578
80.855350, 273.084328
80.700512, 266.067703
80.545200, 259.020703
80.389416, 251.943328
80.233163, 244.835578
80.076443, 237.697453
79.919259, 230.528953
79.761612, 223.330078
79.603507, 216.100828
79.444944, 208.841203
79.285926, 201.551203
79.126456, 194.230828
78.966537, 186.880078
78.806170, 179.498953
78.645359, 172.087453
78.484105, 164.645578
78.322411, 157.173328
78.160280, 149.670703
77.997715, 142.137703
77.834717, 134.574328
77.671289, 126.980578
77.507434, 119.356453
77.343154, 111.701953
77.178452, 104.017078
77.013330, 96.301828
76.847792, 88.556203
76.681838, 80.780203
76.515473, 72.973828
76.348698, 65.137078
76.181517, 57.269953
76.013931, 49.372453
75.845944, 41.444578
75.677557, 33.486328
75.508774, 25.497703
75.339597, 17.478703
75.170029, 9.429328
75.000072, 1.349578
74.829730, 353.239453
74.659003, 345.098953
74.487897, 336.928078
74.316412, 328.726828
74.144551, 320.495203
73.972318, 312.233203
73.799714, 303.940828
73.626744, 295.618078
73.453408, 287.264953
73.279710, 278.881453
73.105653, 270.467578
72.931239, 262.023328
72.756471, 253.548703
72.581351, 245.043703
72.405883, 236.508328
72.230069, 227.942578
72.053911, 219.346453
71.877414, 210.719953
71.700578, 202.063078
71.523407, 193.375828
71.345904, 184.658203
71.168071, 175.910203
70.989912, 167.131828
70.811428, 158.323078
70.632623, 149.483953
70.453500, 140.614453
70.274061, 131.714578
70.094308, 122.784328
69.914245, 113.823703
69.733875, 104.832703
69.553201, 95.811328
69.372224, 86.759578
69.190948, 77.677453
69.009376, 68.564953
68.827510, 59.422078
68.645354, 50.248828
68.462909, 41.045203
68.280180, 31.811203
68.097168, 22.546828
67.913877, 13.252078
67.730310, 3.926953
67.546468, 354.571453
67.362356, 345.185578
67.177976, 335.769328
66.993330, 326.322703
66.808422, 316.845703
66.623254, 307.338328
66.437830, 297.800578
66.252152, 288.232453
66.066223, 278.633953
65.880046, 269.005078
65.693624, 259.345828
65.506959, 249.656203
65.320055, 239.936203
65.132915, 230.185828
64.945540, 220.405078
64.757935, 210.593953
64.570102, 200.752453
64.382045, 190.880578
64.193765, 180.978328
64.005266, 171.045703
63.816550, 161.082703
63.627622, 151.089328
63.438483, 141.065578
63.249136, 131.011453
63.059585, 120.926953
62.869832, 110.812078
62.679881, 100.666828
62.489734, 90.491203
62.299393, 80.285203
62.108863, 70.048828
61.918146, 59.782078
61.727245, 49.484953
61.536163, 39.157453
61.344903, 28.799578
61.153468, 18.411328
60.961860, 7.992703
60.770083, 357.543703
60.578140, 347.064328
60.386034, 336.554578
60.193767, 326.014453
60.001343, 315.443953
59.808764, 304.843078
59.616034, 294.211828
59.423155, 283.550203
59.230131, 272.858203
59.036965, 262.135828
58.843658, 251.383078
58.650216, 240.599953
58.456639, 229.786453
58.262933, 218.942578
58.069098, 208.068328
57.875139, 197.163703
57.681059, 186.228703
57.486859, 175.263328
57.292545, 164.267578
57.098117, 153.241453
56.903580, 142.184953
56.708937, 131.098078
56.514189, 119.980828
56.319342, 108.833203
56.124396, 97.655203
55.929357, 86.446828
55.734225, 75.208078
55.539005, 63.938953
55.343700, 52.639453
55.148312, 41.309578
54.952844, 29.949328
54.757300, 18.558703
54.561683, 7.137703
54.365995, 355.686328
54.170239, 344.204578
53.974420, 332.692453
53.778539, 321.149953
53.582599, 309.577078
53.386605, 297.973828
53.190558, 286.340203
52.994461, 274.676203
52.798319, 262.981828
52.602133, 251.257078
52.405907, 239.501953
52.209644, 227.716453
52.013347, 215.900578
51.817019, 204.054328
51.620663, 192.177703
51.424281, 180.270703
51.227878, 168.333328
51.031456, 156.365578
50.835018, 144.367453
50.638567, 132.338953
50.442106, 120.280078
50.245638, 108.190828
50.049166, 96.071203
49.852694, 83.921203
49.656224, 71.740828
49.459759, 59.530078
49.263303, 47.288953
49.066858, 35.017453
48.870427, 22.715578
48.674014, 10.383328
48.477622, 358.020703
48.281252, 345.627703
48.084910, 333.204328
47.888597, 320.750578
47.692316, 308.266453
47.496071, 295.751953
47.299865, 283.207078
47.103701, 270.631828
46.907581, 258.026203
46.711509, 245.390203
46.515488, 232.723828
46.319520, 220.027078
46.123610, 207.299953
45.927759, 194.542453
45.731971, 181.754578
45.536249, 168.936328
45.340596, 156.087703
45.145015, 143.208703
44.949509, 130.299328
44.754081, 117.359578
44.558734, 104.389453
44.363471, 91.388953
44.168294, 78.358078
43.973208, 65.296828
43.778215, 52.205203
43.583319, 39.083203
43.388521, 25.930828
43.193825, 12.748078
42.999234, 359.534953
42.804752, 346.291453
42.610380, 333.017578
42.416123, 319.713328
42.221983, 306.378703
42.027962, 293.013703
41.834065, 279.618328
41.640294, 266.192578
41.446652, 252.736453
41.253143, 239.249953
41.059768, 225.733078
40.866531, 212.185828
40.673435, 198.608203
40.480484, 185.000203
40.287679, 171.361828
40.095024, 157.693078
39.902522, 143.993953
39.710176, 130.264453
39.517989, 116.504578
39.325964, 102.714328
39.134104, 88.893703
38.942411, 75.042703
38.750889, 61.161328
38.559541, 47.249578
38.368370, 33.307453
38.177378, 19.334953
37.986568, 5.332078
37.795945, 351.298828
37.605509, 337.235203
37.415265, 323.141203
37.225215, 309.016828
37.035363, 294.862078
36.845711, 280.676953
36.656261, 266.461453
36.467018, 252.215578
36.277984, 237.939328
36.089162, 223.632703
35.900554, 209.295703
35.712164, 194.928328
35.523995, 180.530578
35.336049, 166.102453
35.148330, 151.643953
34.960840, 137.155078
34.773582, 122.635828
34.586560, 108.086203
34.399775, 93.506203
34.213231, 78.895828
34.026931, 64.255078
33.840878, 49.583953
33.655074, 34.882453
33.469522, 20.150578
33.284226, 5.388328
33.099188, 350.595703
32.914411, 335.772703
32.729897, 320.919328
32.545651, 306.035578
32.361673, 291.121453
32.177969, 276.176953
31.994539, 261.202078
31.811387, 246.196828
31.628516, 231.161203
31.445929, 216.095203
31.263628, 200.998828
31.081617, 185.872078
30.899898, 170.714953
30.718473, 155.527453
30.537347, 140.309578
30.356521, 125.061328
30.175998, 109.782703
29.995781, 94.473703
29.815873, 79.134328
29.636277, 63.764578
29.456995, 48.364453
29.278031, 32.933953
29.099386, 17.473078
28.921064, 1.981828
28.743068, 346.460203
28.565399, 330.908203
28.388062, 315.325828
28.211059, 299.713078
28.034392, 284.069953
27.858064, 268.396453
27.682078, 252.692578
27.506436, 236.958328
27.331142, 221.193703
27.156198, 205.398703
26.981606, 189.573328
26.807370, 173.717578
26.633492, 157.831453
26.459975, 141.914953
26.286822, 125.968078
26.114034, 109.990828
25.941616, 93.983203
25.769568, 77.945203
25.597895, 61.876828
25.426599, 45.778078
25.255682, 29.648953
25.085147, 13.489453
24.914997, 357.299578
24.745235, 341.079328
24.575862, 324.828703
24.406882, 308.547703
24.238296, 292.236328
24.070109, 275.894578
23.902322, 259.522453
23.734938, 243.119953
23.567960, 226.687078
23.401389, 210.223828
23.235230, 193.730203
23.069484, 177.206203
22.904153, 160.651828
22.739241, 144.067078
22.574750, 127.451953
22.410682, 110.806453
22.247040, 94.130578
22.083827, 77.424328
21.921045, 60.687703
21.758696, 43.920703
21.596784, 27.123328
21.435309, 10.295578
21.274277, 353.437453
21.113687, 336.548953
20.953544, 319.630078
20.793849, 302.680828
20.634605, 285.701203
20.475814, 268.691203
20.317480, 251.650828
20.159603, 234.580078
20.002188, 217.478953
19.845235, 200.347453
19.688748, 183.185578
19.532730, 165.993328
19.377181, 148.770703
19.222106, 131.517703
19.067505, 114.234328
18.913383, 96.920578
18.759740, 79.576453
18.606580, 62.201953
18.453904, 44.797078
18.301716, 27.361828
18.150017, 9.896203
17.998809, 352.400203
17.848096, 334.873828
17.697880, 317.317078
17.548162, 299.729953
17.398945, 282.112453
17.250231, 264.464578
17.102023, 246.786328
16.954324, 229.077703
16.807134, 211.338703
16.660457, 193.569328
16.514294, 175.769578
16.368649, 157.939453
16.223523, 140.078953
16.078919, 122.188078
15.934838, 104.266828
15.791283, 86.315203
15.648257, 68.333203
15.505761, 50.320828
15.363797, 32.278078
15.222368, 14.204953
15.081477, 356.101453
14.941124, 337.967578
14.801313, 319.803328
14.662045, 301.608703
14.523323, 283.383703
14.385149, 265.128328
14.247524, 246.842578
14.110452, 228.526453
13.973934, 210.179953
13.837972, 191.803078
13.702568, 173.395828
13.567725, 154.958203
13.433445, 136.490203
13.299729, 117.991828
13.166579, 99.463078
13.033999, 80.903953
12.901989, 62.314453
12.770552, 43.694578
12.639690, 25.044328
12.509404, 6.363703
12.379698, 347.652703
12.250572, 328.911328
12.122030, 310.139578
11.994072, 291.337453
11.866701, 272.504953
11.739919, 253.642078
11.613727, 234.748828
11.488129, 215.825203
11.363124, 196.871203
11.238717, 177.886828
11.114908, 158.872078
10.991699, 139.826953
10.869093, 120.751453
10.747091, 101.645578
10.625695, 82.509328
10.504907, 63.342703
10.384729, 44.145703
10.265162, 24.918328
10.146209, 5.660578
10.027872, 346.372453
9.910151, 327.053953
9.793050, 307.705078
9.676569, 288.325828
9.560711, 268.916203
9.445477, 249.476203
9.330870, 230.005828
9.216890, 210.505078
9.103541, 190.973953
8.990822, 171.412453
8.878737, 151.820578
8.767287, 132.198328
8.656474, 112.545703
8.546299, 92.862703
8.436764, 73.149328
8.327870, 53.405578
8.219620, 33.631453
8.112016, 13.826953
8.005058, 353.992078
7.898748, 334.126828
7.793089, 314.231203
7.688081, 294.305203
7.583726, 274.348828
7.480027, 254.362078
7.376984, 234.344953
7.274599, 214.297453
7.172874, 194.219578
7.071810, 174.111328
6.971409, 153.972703
6.871672, 133.803703
6.772601, 113.604328
6.674198, 93.374578
6.576464, 73.114453
6.479400, 52.823953
6.383008, 32.503078
6.287290, 12.151828
6.192246, 351.770203
6.097879, 331.358203
6.004190, 310.915828
5.911180, 290.443078
5.818851, 269.939953
5.727204, 249.406453
5.636241, 228.842578
5.545963, 208.248328
5.456371, 187.623703
5.367467, 166.968703
5.279252, 146.283328
5.191727, 125.567578
5.104895, 104.821453
5.018755, 84.044953
4.933310, 63.238078
4.848561, 42.400828
4.764509, 21.533203
4.681156, 0.635203
4.598502, 339.706828
4.516550, 318.748078
4.435300, 297.758953
4.354753, 276.739453
4.274911, 255.689578
4.195775, 234.609328
4.117346, 213.498703
4.039626, 192.357703
3.962615, 171.186328
3.886315, 149.984578
3.810728, 128.752453
3.735853, 107.489953
3.661693, 86.197078
3.588248, 64.873828
3.515520, 43.520203
3.443510, 22.136203
3.372218, 0.721828
3.301647, 339.277078
3.231796, 317.801953
3.162668, 296.296453
3.094262, 274.760578
3.026582, 253.194328
2.959626, 231.597703
2.893397, 209.970703
2.827895, 188.313328
2.763121, 166.625578
2.699077, 144.907453
2.635763, 123.158953
2.573180, 101.380078
2.511330, 79.570828
2.450213, 57.731203
2.389830, 35.861203
2.330183, 13.960828
2.271271, 352.030078
2.213096, 330.068953
2.155660, 308.077453
2.098961, 286.055578
2.043003, 264.003328
1.987785, 241.920703
1.933308, 219.807703
1.879574, 197.664328
1.826582, 175.490578
1.774335, 153.286453
1.722832, 131.051953
1.672074, 108.787078
1.622063, 86.491828
1.572798, 64.166203
1.524282, 41.810203
1.476514, 19.423828
1.429495, 357.007078
1.383226, 334.559953
1.337708, 312.082453
1.292941, 289.574578
1.248926, 267.036328
1.205664, 244.467703
1.163155, 221.868703
1.121400, 199.239328
1.080400, 176.579578
1.040156, 153.889453
1.000667, 131.168953
0.961935, 108.418078
0.923960, 85.636828
0.886743, 62.825203
0.850284, 39.983203
0.814584, 17.110828
0.779644, 354.208078
0.745464, 331.274953
0.712044, 308.311453
0.679385, 285.317578
0.647487, 262.293328
0.616352, 239.238703
0.585979, 216.153703
0.556370, 193.038328
0.527523, 169.892578
0.499441, 146.716453
0.472122, 123.509953
0.445569, 100.273078
0.419781, 77.005828
0.394758, 53.708203
0.370501, 30.380203
0.347011, 7.021828
0.324287, 343.633078
0.302330, 320.213953
0.281140, 296.764453
0.260719, 273.284578
0.241065, 249.774328
0.222179, 226.233703
0.204063, 202.662703
0.186715, 179.061328
0.170136, 155.429578
0.154326, 131.767453
0.139286, 108.074953
0.125016, 84.352078
0.111517, 60.598828
0.098787, 36.815203
0.086828, 13.001203
0.075640, 349.156828
0.065222, 325.282078
0.055576, 301.376953
0.046700, 277.441453
0.038596, 253.475578
0.031264, 229.479328
0.024703, 205.452703
0.018914, 181.395703
0.013896, 157.308328
0.009650, 133.190578
0.006176, 109.042453
0.003474, 84.863953
0.001544, 60.655078
0.000386, 36.415828
0.000000, 12.146203
##END=
